id,Status_C,Status_CL,Status_D
7905,0.317665532015246,0.025451181580896765,0.6568832864038572
7906,0.7257245640193745,0.20668902211946166,0.06758641386116379
7907,0.07491382976422618,0.04601945590741135,0.8790667143283625
7908,0.9560125206295749,0.010532920842374244,0.03345455852805092
7909,0.7296857898408817,0.13457345860845885,0.13574075155065948
7910,0.975241385839971,0.010231687088643124,0.014526927071385901
7911,0.973007725340817,0.012666835493023668,0.014325439166159321
7912,0.12149827108842895,0.06176784085801292,0.8167338880535581
7913,0.005120794011177417,0.002437575933734583,0.992441630055088
7914,0.6178269482082152,0.0022575597818312353,0.37991549200995356
7915,0.679997027757207,0.13385890674324244,0.18614406549955043
7916,0.4784925231996574,0.03433845338019037,0.48716902342015217
7917,0.21493763747220357,0.6252500691522551,0.15981229337554131
7918,0.951551582113866,0.004647868479730692,0.04380054940640334
7919,0.5151479592670939,0.3511668076831957,0.1336852330497104
7920,0.9432954481119538,0.011103753590685286,0.045600798297360905
7921,0.9309648038827908,0.010344880311897536,0.058690315805311574
7922,0.046048989757083124,0.06586345552948795,0.8880875547134289
7923,0.9035145646093039,0.004927046138887918,0.09155838925180816
7924,0.4233808746894852,0.46370781199175626,0.11291131331875859
7925,0.002262554971861989,0.0013031433725008796,0.9964343016556372
7926,0.756197197643037,0.06874933189395466,0.17505347046300826
7927,0.7122922350889901,0.22022791392668709,0.06747985098432283
7928,0.008066901456408827,0.006978640186886208,0.984954458356705
7929,0.8101626816045263,0.09914590523401806,0.09069141316145558
7930,0.11410341233179716,0.25082840084676805,0.6350681868214347
7931,0.950492858406054,0.003433625935690645,0.046073515658255425
7932,0.0632832328485639,0.07904577305344594,0.8576709940979902
7933,0.3009315560516115,0.09037250654974008,0.6086959373986484
7934,0.971205270139755,0.005784400325306214,0.02301032953493879
7935,0.946280854599756,0.013681294061835152,0.04003785133840891
7936,0.8752521149598562,0.06598105104621081,0.05876683399393295
7937,0.0653458253091176,0.041940151502319487,0.8927140231885629
7938,0.9534391998944578,0.006865595126929538,0.03969520497861253
7939,0.08382476773234201,0.03176968930843276,0.8844055429592252
7940,0.6034972721919363,0.1155803407914502,0.2809223870166135
7941,0.1413251355316677,0.42081062931417235,0.43786423515416006
7942,0.943522926347334,0.015102401204669748,0.04137467244799622
7943,0.03311257294601601,0.0391176721388456,0.9277697549151385
7944,0.9739228460547994,0.0047717813358912,0.021305372609309314
7945,0.9685404866719183,0.004902686323501827,0.026556827004579956
7946,0.8407649624998215,0.01970006609311031,0.13953497140706833
7947,0.9250105986903101,0.007329501939920332,0.06765989936976952
7948,0.07853205066937653,0.04152491918420593,0.8799430301464176
7949,0.041964632333486476,0.2723136950922576,0.685721672574256
7950,0.9231073951621349,0.009694437079733519,0.06719816775813164
7951,0.2688499252797274,0.34788568717286306,0.3832643875474094
7952,0.2321825601879074,0.10505315511524371,0.6627642846968489
7953,0.0023881528030137936,0.001184108087259918,0.9964277391097262
7954,0.8917261998153085,0.04097758736926524,0.06729621281542619
7955,0.14065241078725263,0.029218140033088924,0.8301294491796585
7956,0.031850551085899736,0.06095390282495726,0.907195546089143
7957,0.9457940456102641,0.012305592520119648,0.04190036186961631
7958,0.002571143097568069,0.0013978253617996607,0.9960310315406322
7959,0.29093214976880666,0.12305486973457125,0.5860129804966221
7960,0.07973818186367174,0.14071813645987333,0.7795436816764549
7961,0.9077032567818589,0.015893630030502894,0.07640311318763814
7962,0.249940422150807,0.016604025276642963,0.7334555525725501
7963,0.055625094953315274,0.09611419855015507,0.8482607064965296
7964,0.0026000701906480953,0.0013427278192446467,0.9960572019901074
7965,0.9662923112340253,0.004806872490041684,0.028900816275933158
7966,0.6023594045553543,0.1054847795989749,0.29215581584567063
7967,0.38284065649070453,0.13266608760023194,0.4844932559090636
7968,0.9605581232850545,0.0067042283249258705,0.032737648390019594
7969,0.27472007534645043,0.09368459019049039,0.6315953344630592
7970,0.9312601323991614,0.005822285874300143,0.06291758172653834
7971,0.9718695936325981,0.003580324646397738,0.024550081721004098
7972,0.5300042870623709,0.14547460726103048,0.32452110567659853
7973,0.9345770091990333,0.008751506662400868,0.0566714841385658
7974,0.06151680259691026,0.3174580756288387,0.6210251217742512
7975,0.9544605889562001,0.007715063222744113,0.03782434782105569
7976,0.9145760003446287,0.0008177518549580209,0.08460624780041331
7977,0.9635834713090222,0.010288856120941698,0.02612767257003608
7978,0.002864091026244368,0.0019810033234476695,0.995154905650308
7979,0.6819684967159003,0.05632741041169063,0.2617040928724091
7980,0.8969087260984746,0.004869508919779375,0.09822176498174609
7981,0.8282787587796016,0.07430193181020797,0.09741930941019047
7982,0.8509858652962661,0.05859568900761432,0.0904184456961197
7983,0.9346747425316582,0.025915296206360405,0.03940996126198139
7984,0.12550990641075857,0.17611037513820813,0.6983797184510332
7985,0.40084932367589193,0.13163126255112217,0.467519413772986
7986,0.11255164240485413,0.014139917993824582,0.8733084396013213
7987,0.6650816218729666,0.014804543553861696,0.3201138345731716
7988,0.6377665467767759,0.23023835033797924,0.1319951028852449
7989,0.8780311114439369,0.024120435695186945,0.09784845286087626
7990,0.4034310882921153,0.03637660616620897,0.5601923055416758
7991,0.03946166377421119,0.05718934749390778,0.903348988731881
7992,0.9730320579058196,0.0069461891782332886,0.020021752915947197
7993,0.7719271388764309,0.06059779473082158,0.16747506639274737
7994,0.9373147530490229,0.009914935263346393,0.05277031168763082
7995,0.8905128591835093,0.014475410315355132,0.09501173050113551
7996,0.06125086244196789,0.0781718579574274,0.8605772796006048
7997,0.912639194811921,0.012058425781309815,0.07530237940676932
7998,0.0030764726992541028,0.00201346674423764,0.9949100605565082
7999,0.002348726152962416,0.001173285354421739,0.9964779884926159
8000,0.7986848607919989,0.10213506920479981,0.09918007000320131
8001,0.8943290765421426,0.01327126820705768,0.09239965525079981
8002,0.4202000013036353,0.2992373874619182,0.2805626112344466
8003,0.6008905187282334,0.33612543377700754,0.06298404749475907
8004,0.20352634555872978,0.029026921232986107,0.7674467332082842
8005,0.7966132277872962,0.04555951402192439,0.15782725819077945
8006,0.7557453227811052,0.07679278823119239,0.16746188898770248
8007,0.9196998577879631,0.025332783660426524,0.054967358551610314
8008,0.9494805784048752,0.027770326794626893,0.022749094800497974
8009,0.7902554749360947,0.057037173881529485,0.15270735118237588
8010,0.7334964253403062,0.1835902320360146,0.08291334262367918
8011,0.732800668330766,0.014865278607143461,0.2523340530620907
8012,0.7018095593764588,0.016112532544510182,0.28207790807903105
8013,0.08687858121715984,0.10231787586093818,0.8108035429219019
8014,0.8792018989728433,0.061300340793364105,0.05949776023379259
8015,0.9655278122678996,0.005458929150517907,0.029013258581582553
8016,0.9588593489368548,0.023751800802485037,0.017388850260660168
8017,0.4273809901884443,0.01765616482757507,0.5549628449839805
8018,0.6774930235002339,0.12347198922210456,0.19903498727766153
8019,0.9725314311673279,0.01103358301780972,0.016434985814862343
8020,0.6111460729288382,0.030780060704497035,0.3580738663666649
8021,0.13239767390076265,0.033128559817614735,0.8344737662816227
8022,0.008430670385694101,0.0046556488583162255,0.9869136807559897
8023,0.537787579186382,0.25151879938426275,0.21069362142935527
8024,0.8845726554085674,0.006683600493110863,0.10874374409832156
8025,0.07777682663589304,0.013004394832104098,0.9092187785320028
8026,0.9717147924245879,0.005955740664639144,0.02232946691077304
8027,0.9720500445472845,0.008874173029225694,0.01907578242348977
8028,0.01397916364617433,0.005089159194472945,0.9809316771593528
8029,0.03980386047142389,0.10845452221583851,0.8517416173127377
8030,0.9806807775589048,0.005188348663890102,0.014130873777205058
8031,0.7606995112178944,0.2041518419385296,0.035148646843575895
8032,0.9569506591019169,0.00701571288058482,0.03603362801749835
8033,0.032748324742367954,0.018058694828703654,0.9491929804289284
8034,0.6204086436733077,0.07037766586930069,0.3092136904573916
8035,0.9430951553156328,0.02736723974640311,0.02953760493796398
8036,0.158427604728984,0.8355375560102382,0.006034839260777878
8037,0.6087458875610965,0.0647883694099516,0.32646574302895187
8038,0.9024860249216219,0.019323309531184833,0.07819066554719324
8039,0.03130632593637261,0.06364616978955477,0.9050475042740727
8040,0.24161603377689375,0.24578145553787914,0.5126025106852271
8041,0.21230771241606727,0.051136719112883346,0.7365555684710494
8042,0.009152117818675467,0.01004597615295606,0.9808019060283685
8043,0.9540315392232099,0.020100329331371587,0.025868131445418503
8044,0.007015787883545271,0.001436244110840386,0.9915479680056144
8045,0.12163512630678017,0.3504173861875451,0.5279474875056748
8046,0.9196878220714306,0.0041177426830314445,0.07619443524553803
8047,0.9576235659252745,0.009623779839127216,0.032752654235598214
8048,0.9042397984040527,0.019244921169077604,0.07651528042686964
8049,0.35574020837099535,0.4504097636838261,0.19385002794517847
8050,0.4580171690273043,0.02292444154190681,0.5190583894307889
8051,0.02414333791428457,0.0064175628402535784,0.9694390992454618
8052,0.9430296800456343,0.04135598578154507,0.015614334172820567
8053,0.021924404865240665,0.04167157111130502,0.9364040240234544
8054,0.6805059204355383,0.055918555272682025,0.2635755242917796
8055,0.16680208256360984,0.2294570370604673,0.6037408803759228
8056,0.698382853902907,0.22541601726267343,0.07620112883441962
8057,0.9633471038134942,0.003497021366683064,0.03315587481982276
8058,0.8529264536185842,0.06499076420726224,0.08208278217415343
8059,0.7479591419342206,0.03864220975761712,0.21339864830816213
8060,0.05309638348919312,0.35054616072209277,0.5963574557887141
8061,0.09204157868241357,0.1563250042484943,0.7516334170690921
8062,0.10016431656170245,0.06775680768302418,0.8320788757552733
8063,0.8778235150537208,0.06337529338354074,0.058801191562738275
8064,0.015196180413145919,0.10338819378056487,0.8814156258062893
8065,0.8829659266715659,0.03409865958612233,0.0829354137423117
8066,0.9576662206490835,0.0077120587902966605,0.034621720560619844
8067,0.11850287795937427,0.008870020678871444,0.8726271013617544
8068,0.7034289885531166,0.07628311576764982,0.2202878956792336
8069,0.9028227745076124,0.02532961605504582,0.07184760943734178
8070,0.974265421447408,0.0054705181146026405,0.020264060437989347
8071,0.9607536514628005,0.004950571356182046,0.03429577718101755
8072,0.93972112111839,0.011819045174116714,0.04845983370749318
8073,0.9699866268245949,0.00949360008017216,0.020519773095233024
8074,0.6455947753806716,0.029232946505036474,0.32517227811429195
8075,0.8932534882130885,0.06421778800446058,0.04252872378245099
8076,0.9601601620780463,0.004536947656025025,0.0353028902659286
8077,0.004377934827849129,0.010483396562007474,0.9851386686101434
8078,0.1213338519866362,0.045734055920466116,0.8329320920928976
8079,0.9553184512573901,0.009725503852004158,0.03495604489060568
8080,0.9218180517048378,0.05816597815335434,0.020015970141808063
8081,0.9740228640604661,0.005868841501531628,0.020108294438002213
8082,0.7550804440286023,0.05394693242659821,0.1909726235447995
8083,0.28914420796286955,0.03236157022457362,0.6784942218125568
8084,0.0034730268511832564,0.002162843608574702,0.9943641295402421
8085,0.9385931212005215,0.02678137070447105,0.03462550809500744
8086,0.0025431367200905745,0.0011857576569228151,0.9962711056229866
8087,0.7343125989316333,0.07041558247519525,0.19527181859317153
8088,0.3031987923847254,0.027457730787709248,0.6693434768275653
8089,0.06824256895019397,0.015662661673429307,0.9160947693763767
8090,0.009198302467658332,0.004274401891861572,0.9865272956404801
8091,0.9642948394506085,0.008404689066436773,0.027300471482954773
8092,0.002392975021982562,0.001230497625981089,0.9963765273520363
8093,0.8018444513461068,0.14082676302040548,0.057328785633487624
8094,0.12315931135433698,0.3354336382594049,0.541407050386258
8095,0.4115926938892784,0.3311409564286407,0.2572663496820809
8096,0.3301689682913601,0.021496352384048727,0.6483346793245912
8097,0.15322478060325262,0.04659898496326408,0.8001762344334832
8098,0.7316275700788891,0.14491978290667695,0.12345264701443397
8099,0.6257151818673163,0.03023888392838643,0.34404593420429724
8100,0.002698547453657092,0.0013718688836283682,0.9959295836627146
8101,0.18873491612123255,0.19956522317298575,0.6116998607057816
8102,0.8525372207298577,0.033493753767827115,0.11396902550231505
8103,0.17630261236768835,0.32765636569018014,0.49604102194213145
8104,0.5233696728480455,0.23224084001952727,0.2443894871324274
8105,0.002588058399290857,0.0013320229411616228,0.9960799186595475
8106,0.9620247330481256,0.008732635407147978,0.02924263154472639
8107,0.0029788964697601865,0.0017324133149620306,0.9952886902152778
8108,0.9255170845201589,0.013546082816027864,0.060936832663813216
8109,0.8097982719686629,0.01385687534746671,0.1763448526838703
8110,0.9798396717493253,0.01160678939646777,0.008553538854206875
8111,0.6267691859011734,0.3154264810148726,0.057804333083954086
8112,0.5246728552937938,0.027638652783431077,0.44768849192277504
8113,0.012218651210291859,0.028158856899905226,0.9596224918898029
8114,0.037568544568977257,0.025262604911157636,0.937168850519865
8115,0.974172866475296,0.005089190790074584,0.020737942734629432
8116,0.7593587755395195,0.14592015699359004,0.09472106746689055
8117,0.03828454755450444,0.008825343233079602,0.952890109212416
8118,0.3663675863625344,0.3853469613445556,0.24828545229291013
8119,0.5748866473468938,0.16702533714440992,0.2580880155086964
8120,0.9612105245280691,0.02437004370812165,0.014419431763809215
8121,0.14190235989994315,0.25555384348463606,0.6025437966154208
8122,0.9607624826718294,0.006422214626790818,0.03281530270137996
8123,0.9767043243388711,0.006479256495497434,0.016816419165631404
8124,0.19933959946168747,0.05941152457344141,0.7412488759648711
8125,0.9177300115064458,0.011711102852816919,0.07055888564073723
8126,0.7245131656559002,0.06204396819690283,0.21344286614719707
8127,0.05534623567328993,0.05841464262342103,0.8862391217032891
8128,0.6324487647989304,0.10641132255616263,0.2611399126449071
8129,0.9494692228558523,0.02305364412091423,0.027477133023233485
8130,0.15721510667826913,0.011265116523744427,0.8315197767979865
8131,0.03689626068705418,0.1123117519850151,0.8507919873279306
8132,0.5891924918812946,0.3018761835281633,0.10893132459054208
8133,0.8846281783213551,0.06077632443303075,0.054595497245614154
8134,0.5259194361891353,0.3250516716756982,0.1490288921351664
8135,0.0026325391407615523,0.0013251711095118891,0.9960422897497265
8136,0.01930733583453092,0.0024327950835757906,0.9782598690818932
8137,0.10316645507274891,0.018787340378840566,0.8780462045484104
8138,0.15614495849594842,0.01676787463347221,0.8270871668705793
8139,0.06123417022199176,0.007495176752997702,0.9312706530250107
8140,0.866711333851929,0.027721801393768026,0.10556686475430287
8141,0.9769877272196806,0.00602925116373251,0.016983021616586994
8142,0.9373454001454531,0.05212055185200246,0.010534048002544387
8143,0.3787516913511404,0.6087574977816252,0.012490810867234393
8144,0.10688846315296545,0.10269257511864102,0.7904189617283934
8145,0.8304471701111276,0.008211730625467482,0.1613410992634049
8146,0.8538792760291835,0.011689027504546597,0.13443169646626993
8147,0.517149228025087,0.012658980701196868,0.4701917912737161
8148,0.9674368347222108,0.007492194274493542,0.025070971003295632
8149,0.9360413122480443,0.013428157870910866,0.0505305298810448
8150,0.9542212891710139,0.025052959749572376,0.020725751079413705
8151,0.08235948288601531,0.02973181410375311,0.8879087030102315
8152,0.9105729794925114,0.018379294531661573,0.07104772597582708
8153,0.8975228332696682,0.015363269858336446,0.08711389687199547
8154,0.9044417251175164,0.03844931976585543,0.05710895511662835
8155,0.14915429068428834,0.07129241479848576,0.7795532945172259
8156,0.9553888710302421,0.02730097973636649,0.017310149233391393
8157,0.8563530815133138,0.0143525863420618,0.12929433214462435
8158,0.9411013588642029,0.03771154379656829,0.02118709733922899
8159,0.26263807486259694,0.2030665844080272,0.5342953407293759
8160,0.4724553478963827,0.03907793078831715,0.48846672131530017
8161,0.8546521332280766,0.08342047515768891,0.061927391614234384
8162,0.06147479684595261,0.5770639752200705,0.361461227933977
8163,0.17661199734067465,0.24452754760724246,0.5788604550520828
8164,0.5396154095491671,0.07540975784826598,0.3849748326025669
8165,0.0031913769324564125,0.0017728779990376666,0.9950357450685059
8166,0.6325453670873054,0.043332855474777776,0.3241217774379168
8167,0.24329981648986726,0.1214683244979334,0.6352318590121993
8168,0.47957737146672796,0.020354133533566104,0.5000684949997061
8169,0.8733922570026103,0.011731819251983697,0.11487592374540602
8170,0.24799806210928382,0.450089080082966,0.3019128578077502
8171,0.027334946111760617,0.04090447279280836,0.9317605810954309
8172,0.022993226898771455,0.029709919297771652,0.947296853803457
8173,0.7060815583907938,0.13065692231381465,0.16326151929539146
8174,0.9680830168487323,0.0030270018144236896,0.02888998133684407
8175,0.9025193321626116,0.018776470905091623,0.07870419693229697
8176,0.7978263141884709,0.008853744878923065,0.19331994093260607
8177,0.0894908593912727,0.04845925420000406,0.8620498864087233
8178,0.7474777279313346,0.0868618854978357,0.16566038657082974
8179,0.4026695313086057,0.09733282447156444,0.49999764421982984
8180,0.5628796675458466,0.2836512549229006,0.15346907753125288
8181,0.11690797325411052,0.07634156016237499,0.8067504665835145
8182,0.9632221096858925,0.020932742612842007,0.015845147701265404
8183,0.43971912847187616,0.12627741780362656,0.43400345372449733
8184,0.7615687444803455,0.14102317723911068,0.09740807828054376
8185,0.9662267564238187,0.02010877478825401,0.013664468787927278
8186,0.8659179949241933,0.061033199272770865,0.07304880580303583
8187,0.1234132554648455,0.023134191189402003,0.8534525533457525
8188,0.9238997053073763,0.02158032158609499,0.054519973106528515
8189,0.05862972918792447,0.1928355384105046,0.748534732401571
8190,0.02483546363238873,0.9303347582620499,0.04482977810556137
8191,0.9776288272114197,0.004778817702187175,0.017592355086392928
8192,0.9591008682129905,0.004413912456156788,0.0364852193308527
8193,0.9654492657109859,0.0038307348071947513,0.030719999481819485
8194,0.9140538416855092,0.030250636800279507,0.05569552151421131
8195,0.9519329481446731,0.006717129819603133,0.04134992203572374
8196,0.9389062401051693,0.016222146724011385,0.04487161317081934
8197,0.773129590997068,0.026269923054567604,0.2006004859483643
8198,0.3273200012639012,0.03647212721735873,0.6362078715187401
8199,0.8652882425391026,0.1100102811901505,0.024701476270746883
8200,0.977917793196021,0.005474693232784914,0.016607513571194006
8201,0.08588248619569591,0.027717801542565142,0.8863997122617391
8202,0.3846165622672102,0.06798726968320844,0.5473961680495815
8203,0.9106228465647739,0.01757492194436943,0.07180223149085663
8204,0.08311718724596649,0.1581538902838411,0.7587289224701924
8205,0.950070689752704,0.003533317622060364,0.04639599262523569
8206,0.16540448983396322,0.01443938219440695,0.8201561279716297
8207,0.9716950962117954,0.0059586344248015715,0.022346269363402924
8208,0.08031478434398777,0.18544885487700355,0.7342363607790088
8209,0.4050719678101075,0.04177576663257968,0.5531522655573128
8210,0.9102665250062255,0.009095321776259178,0.08063815321751532
8211,0.5044933064401387,0.17841385979948912,0.3170928337603722
8212,0.964470510661392,0.006286488390486749,0.029243000948121187
8213,0.9473331639899563,0.017582472036386063,0.03508436397365772
8214,0.02030752331284641,0.05107233453880177,0.9286201421483519
8215,0.8840037945956174,0.09035614681443442,0.02564005858994813
8216,0.8855121295046638,0.024206034235266786,0.0902818362600693
8217,0.7664372836889695,0.07349693315510962,0.16006578315592088
8218,0.0034475568594501387,0.009471743282501666,0.9870806998580481
8219,0.8722551660128091,0.053530587946040445,0.07421424604115046
8220,0.8811486021953356,0.029933584493086828,0.08891781331157755
8221,0.5418327994160086,0.04613992257262642,0.41202727801136496
8222,0.1647327859980484,0.19371103305896228,0.6415561809429893
8223,0.4359787392944385,0.1539751210467689,0.41004613965879266
8224,0.8044435528750333,0.09069776193995772,0.10485868518500889
8225,0.14297151883495082,0.009529383687186843,0.8474990974778622
8226,0.0027913660365752367,0.0010274258212704442,0.9961812081421544
8227,0.9244727825969599,0.03155389647763199,0.043973320925408045
8228,0.8619714950378395,0.009135990938222887,0.12889251402393756
8229,0.13346460431100357,0.08035061001997157,0.7861847856690249
8230,0.2772886746077929,0.15324983754897684,0.5694614878432303
8231,0.5685693071211625,0.38416272793392486,0.04726796494491263
8232,0.5727683248506749,0.17589146849773438,0.25134020665159074
8233,0.004198972062505848,0.0022666234917160864,0.993534404445778
8234,0.9747696311381877,0.008743247374127216,0.01648712148768507
8235,0.5741287006013017,0.10331796570871726,0.32255333368998096
8236,0.11984287337677915,0.1302667384012135,0.7498903882220073
8237,0.8054174480222154,0.02956981535830901,0.16501273661947546
8238,0.14649422828657963,0.021782847375280783,0.8317229243381395
8239,0.03050288330559541,0.3841764528685545,0.5853206638258501
8240,0.7318238620365645,0.1762635575181023,0.09191258044533317
8241,0.0050248656122195085,0.0026127419348729434,0.9923623924529076
8242,0.880628016240668,0.007839348223423944,0.1115326355359081
8243,0.20227337633679818,0.6254412146498166,0.17228540901338527
8244,0.9713825038763394,0.004671999475132875,0.023945496648527867
8245,0.9206419970733534,0.02381864347138907,0.055539359455257696
8246,0.37803041632451795,0.07937322240401092,0.542596361271471
8247,0.9684982205813399,0.00706801948125197,0.024433759937408144
8248,0.9624265876273203,0.022378812089760964,0.015194600282918778
8249,0.9346417114757551,0.006345536691385816,0.05901275183285919
8250,0.9469543154959953,0.013191446425324138,0.039854238078680576
8251,0.7233515057061386,0.025312119077705957,0.2513363752161555
8252,0.7106509218354958,0.017945138424173775,0.2714039397403304
8253,0.9565782626570732,0.020607334903573495,0.022814402439353263
8254,0.7899265381554591,0.025421139471789353,0.1846523223727517
8255,0.4541871457049894,0.1462124823877168,0.3996003719072938
8256,0.8600192989488524,0.05757740780396665,0.08240329324718089
8257,0.7979148829468165,0.1733502868091613,0.02873483024402232
8258,0.005288499750389347,0.004153392100553776,0.9905581081490569
8259,0.02711897844415334,0.0650590119621264,0.9078220095937203
8260,0.9819681005072869,0.004605294476340185,0.013426605016372896
8261,0.8537517498409526,0.030179554046881996,0.11606869611216546
8262,0.9366116908682901,0.008844341828509659,0.05454396730320028
8263,0.639687352345454,0.2738559757320869,0.08645667192245902
8264,0.9483111634824866,0.005014439822098243,0.04667439669541525
8265,0.6291674751105518,0.22634700260821344,0.1444855222812348
8266,0.002060051374685052,0.0011757337428025193,0.9967642148825124
8267,0.899372861656319,0.030251422804558635,0.07037571553912235
8268,0.9152321020757329,0.027124683119651813,0.0576432148046153
8269,0.9554619786511745,0.007247813686593072,0.03729020766223246
8270,0.5689415377029684,0.07497500036172391,0.3560834619353078
8271,0.8736394403558063,0.08202089250229509,0.04433966714189858
8272,0.9772140498439194,0.003525888053313482,0.019260062102767015
8273,0.623502879916646,0.30839276512069835,0.0681043549626557
8274,0.6975886726092783,0.1657268140905449,0.1366845133001768
8275,0.1756172492349871,0.06419404930256772,0.7601887014624451
8276,0.39137694495842895,0.08459247224898504,0.524030582792586
8277,0.9666465798185868,0.004982893851360433,0.02837052633005286
8278,0.8058734927467635,0.012433632656245055,0.18169287459699152
8279,0.905697664428879,0.005123825761787656,0.08917850980933338
8280,0.019468522477038657,0.03184473422866267,0.9486867432942987
8281,0.6337069380345854,0.08438655496453891,0.2819065070008756
8282,0.9426262188476301,0.04201347953760646,0.015360301614763434
8283,0.9188323852670144,0.008054441461218123,0.07311317327176743
8284,0.974419228211973,0.0035818824836308222,0.021998889304396262
8285,0.02505361327742653,0.006884185350875856,0.9680622013716976
8286,0.976882760686275,0.008672003449825822,0.014445235863899225
8287,0.4659400721810688,0.02284546500695421,0.511214462811977
8288,0.9734229697598885,0.007264213278183063,0.019312816961928454
8289,0.20148111881091854,0.1781154915673027,0.6204033896217788
8290,0.12228414865406236,0.07005367403793816,0.8076621773079995
8291,0.19540669952603199,0.08409671807710821,0.7204965823968599
8292,0.8477926577544538,0.03725635170651759,0.11495099053902857
8293,0.8776912096956148,0.003654410749344665,0.11865437955504056
8294,0.9657405268098278,0.005775913531352897,0.02848355965881927
8295,0.9741463357212273,0.011580470427619175,0.01427319385115348
8296,0.6775416125801034,0.15192754574223005,0.1705308416776666
8297,0.8607642694986357,0.017770862725113953,0.12146486777625042
8298,0.9422988982452191,0.042114142301340446,0.015586959453440515
8299,0.9369658998195949,0.013928137040957538,0.04910596313944765
8300,0.822683418475891,0.08700777335813595,0.09030880816597302
8301,0.8072634129548445,0.032252202738289666,0.16048438430686587
8302,0.05867262790550246,0.051668032034718946,0.8896593400597785
8303,0.9482889290069547,0.00889264700603534,0.042818423987009885
8304,0.004331811360183962,0.011614681406065454,0.9840535072337506
8305,0.8914747976817948,0.015312810777478198,0.09321239154072711
8306,0.8365927046821608,0.02265691743852443,0.14075037787931466
8307,0.005633190118284145,0.0036226224367971317,0.9907441874449188
8308,0.8554950942527286,0.012685372154137215,0.13181953359313428
8309,0.07866821674691428,0.08738962622356268,0.833942157029523
8310,0.8883925770561467,0.019628428643049173,0.09197899430080402
8311,0.9686790678022181,0.007471413561854819,0.023849518635927096
8312,0.9669392228967473,0.0072782794665317745,0.02578249763672099
8313,0.9592720180999235,0.008578909464843553,0.03214907243523295
8314,0.9795822049763521,0.0058140061179387395,0.014603788905709089
8315,0.6760150215043408,0.23389227974298407,0.09009269875267509
8316,0.9331067977283638,0.021372207834819572,0.04552099443681665
8317,0.6969649573770627,0.18970021539871354,0.11333482722422375
8318,0.5560718940863612,0.1524372709149335,0.29149083499870526
8319,0.026980566336799676,0.1057698126018702,0.8672496210613301
8320,0.9543595293185327,0.01142481942604566,0.034215651255421524
8321,0.8258313376770382,0.04090669552798869,0.13326196679497312
8322,0.3207498178313751,0.21467108644696326,0.46457909572166173
8323,0.0022043858627842916,0.0014194618563572142,0.9963761522808584
8324,0.04023619107760838,0.01880853242138557,0.9409552765010061
8325,0.9685899714171555,0.021587715148942227,0.00982231343390212
8326,0.9383533674679003,0.03664729208172261,0.02499934045037712
8327,0.953037813465354,0.026134579308944937,0.020827607225701136
8328,0.02780385922845227,0.0010718200729979493,0.9711243206985497
8329,0.974301763675703,0.008954759599092052,0.016743476725204907
8330,0.10025963199912445,0.22422607884491474,0.6755142891559608
8331,0.9482931689574655,0.01268341020545429,0.039023420837080144
8332,0.1081228390639661,0.5271396578152048,0.3647375031208292
8333,0.9354692771008125,0.0038007759629313095,0.06072994693625626
8334,0.8805898125583881,0.019728007024069207,0.09968218041754269
8335,0.9364792369973997,0.016215649164833295,0.047305113837766935
8336,0.14520243052443524,0.04245662368906519,0.8123409457864995
8337,0.2114736542441965,0.07046018381778896,0.7180661619380145
8338,0.9732140333528478,0.013655625534345722,0.013130341112806409
8339,0.13332621660934657,0.01970527249258343,0.8469685108980699
8340,0.9635529629555062,0.00793616189377621,0.028510875150717527
8341,0.924635652779032,0.03389822261688826,0.04146612460407972
8342,0.9416328672402942,0.04501674085069486,0.013350391909010991
8343,0.8352653146216861,0.01606254581741757,0.14867213956089625
8344,0.06365473740513981,0.07715526312532485,0.8591899994695353
8345,0.9761847796699418,0.006751727498989978,0.01706349283106828
8346,0.7788639662407353,0.0013081288141274532,0.21982790494513726
8347,0.38243838142390374,0.25951216452079096,0.3580494540553054
8348,0.16087541534669839,0.19616570102670217,0.6429588836265995
8349,0.961015381321345,0.010001043659421916,0.02898357501923307
8350,0.6153412472194766,0.019250626570540906,0.3654081262099824
8351,0.6738406518050668,0.013989667040683927,0.3121696811542492
8352,0.8724350928414569,0.012574932527700974,0.11498997463084226
8353,0.05446707426800113,0.007415995534486696,0.9381169301975121
8354,0.024564230774734404,0.0505869370035807,0.9248488322216848
8355,0.9746090105244184,0.008439289567140705,0.016951699908440854
8356,0.6769595919537281,0.04467258632423755,0.27836782172203434
8357,0.032962028310978296,0.026277712343329398,0.9407602593456923
8358,0.00862746405638401,0.08250801130016441,0.9088645246434515
8359,0.9797847956848645,0.005127268439324742,0.015087935875810756
8360,0.9470184186513966,0.011512068362629526,0.04146951298597393
8361,0.3040704642422926,0.02387613415515798,0.6720534016025494
8362,0.8087789244989392,0.03197722884486166,0.15924384665619915
8363,0.4183719352253738,0.02175984911837756,0.5598682156562487
8364,0.8886282547126716,0.07776191705055943,0.033609828236769015
8365,0.7799713966680747,0.01981143312746899,0.20021717020445626
8366,0.32731415683931664,0.03957202425370555,0.6331138189069779
8367,0.6664886794711021,0.07169183539309529,0.2618194851358024
8368,0.8349873520415273,0.06156867868579937,0.10344396927267334
8369,0.7287058274369046,0.034525715988978876,0.23676845657411646
8370,0.9095907978880068,0.011604011645794679,0.07880519046619858
8371,0.6414400816714338,0.06062115755044791,0.29793876077811826
8372,0.004516351381185521,0.0020852244042889735,0.9933984242145255
8373,0.025335747903619518,0.07343008195474429,0.9012341701416362
8374,0.08691019623469588,0.06092192439986221,0.8521678793654418
8375,0.9761719497045571,0.008898321627747447,0.014929728667695414
8376,0.125134597024824,0.02361731170592463,0.8512480912692515
8377,0.6839170584914895,0.18875201673978795,0.1273309247687225
8378,0.8644773891458556,0.09729472617568506,0.038227884678459376
8379,0.9591986995646775,0.010596301536668375,0.030204998898654148
8380,0.6185881556854607,0.014898402344455485,0.36651344197008384
8381,0.9696060731607065,0.0113900443003115,0.019003882538982043
8382,0.7830694241612206,0.00581303633071493,0.21111753950806442
8383,0.9755351164849431,0.008368919809993918,0.016095963705062902
8384,0.9686597324244665,0.010567413758593517,0.020772853816940037
8385,0.04345476746762993,0.5208933671244971,0.4356518654078729
8386,0.4915281628511643,0.1349836041019042,0.3734882330469316
8387,0.9804159478159121,0.006131097808930221,0.013452954375157686
8388,0.3676205336446115,0.02514839442307569,0.6072310719323128
8389,0.625652802973529,0.0853630157956413,0.2889841812308297
8390,0.06504940517444043,0.10692313759813414,0.8280274572274254
8391,0.7078349415864599,0.030885926285638004,0.26127913212790216
8392,0.8726855195548187,0.05723366550334491,0.0700808149418364
8393,0.9161342146056949,0.02424522136889674,0.059620564025408496
8394,0.6804324429169398,0.09023488653587781,0.2293326705471824
8395,0.19200372229866292,0.08766068647705418,0.7203355912242829
8396,0.8526472410233329,0.08495723969329039,0.062395519283376694
8397,0.9739318900621294,0.009885942030196526,0.016182167907673933
8398,0.9698378285792009,0.011961857266509434,0.018200314154289767
8399,0.9396923054506936,0.03129780417985,0.029009890369456393
8400,0.01990210117182706,0.03444236348053724,0.9456555353476358
8401,0.19492383989641648,0.6284532079345403,0.17662295216904325
8402,0.06776042541076657,0.4486503289766009,0.4835892456126325
8403,0.0420517282324147,0.12077222288695089,0.8371760488806343
8404,0.9024536185658123,0.006729276224221328,0.09081710520996636
8405,0.10166569631311607,0.05660145445207816,0.8417328492348057
8406,0.9186908634444546,0.013228878507628786,0.06808025804791651
8407,0.946649019117706,0.00882908138708359,0.04452189949521041
8408,0.9303088135796126,0.004287491120926488,0.06540369529946095
8409,0.021775818184993835,0.0067846635638395755,0.9714395182511666
8410,0.18865974115650766,0.5679477004322557,0.2433925584112365
8411,0.8544322964815998,0.0515211243264197,0.09404657919198055
8412,0.05235297572467627,0.04074188823008097,0.9069051360452428
8413,0.010097013214523482,0.011579145317371729,0.9783238414681047
8414,0.9668060648783056,0.008473028192666151,0.024720906929028282
8415,0.9392101705998214,0.023868297400746207,0.036921531999432405
8416,0.9322756455398538,0.013824288599784098,0.053900065860362285
8417,0.347388171071926,0.027146501362256454,0.6254653275658175
8418,0.9145309940529572,0.021479102992177628,0.06398990295486523
8419,0.03277692047301016,0.08216131162987017,0.8850617678971197
8420,0.6851173587752213,0.02374558011244783,0.29113706111233084
8421,0.053437938172644646,0.2079824754990473,0.738579586328308
8422,0.9543623459045208,0.018753309487577655,0.026884344607901473
8423,0.7881436388069137,0.0636012498397062,0.14825511135338007
8424,0.6386661605894929,0.20567396872370095,0.15565987068680612
8425,0.8648621521670149,0.04839540491311622,0.08674244291986881
8426,0.05246714409573767,0.1885264880183707,0.7590063678858916
8427,0.3829498299514245,0.23638874910037697,0.3806614209481984
8428,0.9749728994727649,0.0064918497924161935,0.01853525073481895
8429,0.9742261593845922,0.008246781035750446,0.01752705957965741
8430,0.765937381111146,0.17754519324074433,0.05651742564810969
8431,0.053830333486780235,0.016591980017200574,0.9295776864960192
8432,0.4008868062622069,0.1920287069693115,0.4070844867684814
8433,0.8536704815414019,0.0514351231707842,0.0948943952878139
8434,0.03304558515200154,0.04860696324934805,0.9183474515986504
8435,0.9098056050638466,0.0074720862983060675,0.08272230863784732
8436,0.7929135381722271,0.09480530933774926,0.1122811524900237
8437,0.011172640014020997,0.038858869711718716,0.9499684902742602
8438,0.9551120176230681,0.021605383407353497,0.02328259896957844
8439,0.6099969014315461,0.19308521717912364,0.19691788138933025
8440,0.7173714060246045,0.1751388421054495,0.10748975186994586
8441,0.46108973133251124,0.03218264799127902,0.5067276206762097
8442,0.8485790935062588,0.09029879749781428,0.06112210899592692
8443,0.9194224257845448,0.020581904549409613,0.059995669666045616
8444,0.6763648749782106,0.2412652494234544,0.08236987559833496
8445,0.9704068588552085,0.018270039167056544,0.011323101977734918
8446,0.8454388573443922,0.010104701816712823,0.14445644083889506
8447,0.02376874828100138,0.3010822719344369,0.6751489797845618
8448,0.9628764783512241,0.0035728250949533715,0.033550696553822444
8449,0.42881485023978533,0.35696956601856533,0.21421558374164923
8450,0.4563684831321932,0.10453672689855588,0.43909478996925094
8451,0.9232676449639328,0.01842938790023915,0.05830296713582812
8452,0.9783865024873857,0.0046946975187568095,0.016918799993857467
8453,0.7643780942782696,0.0450348494408698,0.1905870562808606
8454,0.25901780996325663,0.1421931043338377,0.5987890857029057
8455,0.1516660207960706,0.08058656896070533,0.767747410243224
8456,0.6383912983570262,0.017565171562826273,0.34404353008014754
8457,0.9535673752201428,0.00646170796670835,0.039970916813148835
8458,0.44291068124498884,0.3351694486269835,0.22191987012802777
8459,0.9559285321676866,0.014703789517532647,0.029367678314780838
8460,0.9416266707082411,0.009303681088603443,0.049069648203155423
8461,0.050226289739520834,0.13139609537092733,0.8183776148895519
8462,0.9380942014797945,0.04519327274137657,0.016712525778828882
8463,0.3653542445791161,0.01774963398767753,0.6168961214332065
8464,0.8952262366986111,0.06928666470068835,0.03548709860070053
8465,0.14342705027744354,0.030548743277284792,0.8260242064452716
8466,0.9145706453738875,0.02778715031107828,0.0576422043150342
8467,0.945964022038757,0.030643740322661206,0.023392237638581906
8468,0.13967777392416264,0.06209977176891698,0.7982224543069204
8469,0.04979656646261119,0.18660714596706363,0.7635962875703252
8470,0.8157508766991839,0.025686855471895934,0.15856226782892024
8471,0.9641080877848537,0.007691882207998919,0.028200030007147332
8472,0.906294501772463,0.04839128699755492,0.045314211229982214
8473,0.9350889231933717,0.05060794225926588,0.014303134547362376
8474,0.6891433281285141,0.07449208837302952,0.23636458349845638
8475,0.12620111965324038,0.12678924237943195,0.7470096379673277
8476,0.9644223039483498,0.011362209045067047,0.02421548700658302
8477,0.42724799789664175,0.36864173160616925,0.204110270497189
8478,0.899653875574026,0.03336622402158154,0.06697990040439254
8479,0.9379847864354293,0.007310076471551311,0.05470513709301948
8480,0.9516034400805848,0.011659538919970968,0.03673702099944421
8481,0.9754066897653435,0.012526622741411466,0.012066687493245059
8482,0.2985767026038189,0.06327238838133796,0.6381509090148432
8483,0.07629549073736962,0.05061954899329025,0.8730849602693401
8484,0.8378216526209912,0.02355747586938629,0.1386208715096225
8485,0.9621583001951357,0.02062481193584704,0.01721688786901719
8486,0.01616616125623995,0.00835433912503713,0.9754794996187228
8487,0.7118514561299764,0.04586776272733889,0.24228078114268475
8488,0.9559707611000683,0.010310446694791697,0.033718792205139916
8489,0.7903898325013791,0.025387885145860472,0.18422228235276059
8490,0.04536368662625483,0.04166816422087938,0.9129681491528657
8491,0.07132366315065602,0.019180283429375396,0.9094960534199686
8492,0.8199277672306277,0.09621339137480227,0.08385884139457
8493,0.8824942236858871,0.0018673153179826543,0.1156384609961301
8494,0.7990389431514481,0.029750815678521225,0.17121024117003072
8495,0.8301993629133504,0.05863761127567059,0.11116302581097898
8496,0.9623225396582084,0.01563296474429518,0.022044495597496445
8497,0.9725297789113477,0.004215242219732534,0.023254978868919696
8498,0.01656055703439856,0.00617570415766716,0.9772637388079343
8499,0.948214744103222,0.00753425751473452,0.04425099838204349
8500,0.7111020856843082,0.15547908341208233,0.13341883090360948
8501,0.717058476879081,0.013106344087053424,0.26983517903386556
8502,0.03181806398457662,0.0019762226605208565,0.9662057133549026
8503,0.806360314583082,0.09018212302842542,0.10345756238849262
8504,0.023225043283985954,0.021898002062169915,0.954876954653844
8505,0.9558265165223706,0.013106899110409888,0.031066584367219437
8506,0.9788074621770566,0.007219530750927969,0.01397300707201548
8507,0.7627005646971877,0.0097542743177005,0.2275451609851117
8508,0.899060303329866,0.013686703926004075,0.08725299274412997
8509,0.9544162298324602,0.013280400553764492,0.03230336961377532
8510,0.810896995175619,0.0672996646844734,0.12180334013990776
8511,0.8022931865581092,0.061357996956612926,0.13634881648527794
8512,0.02424764687296195,0.005139440348878413,0.9706129127781596
8513,0.47991097525923115,0.11194535748596512,0.4081436672548037
8514,0.04393694341022544,0.07304480801376524,0.8830182485760094
8515,0.8604255891932336,0.019704992564258526,0.11986941824250773
8516,0.008289328910011695,0.012809121731771173,0.978901549358217
8517,0.5482360736400438,0.05449461233264276,0.39726931402731347
8518,0.24012347781494772,0.3065200881627891,0.45335643402226317
8519,0.23865605211942403,0.052573154581262584,0.7087707932993134
8520,0.9519393914972504,0.031023380155907363,0.017037228346842234
8521,0.9718713716535605,0.002598923246497879,0.02552970509994164
8522,0.617091150415463,0.2751607457833314,0.10774810380120564
8523,0.041734167610245516,0.013354089685046889,0.9449117427047076
8524,0.7336412061620865,0.21207833364261194,0.05428046019530163
