id,Status_C,Status_CL,Status_D
7905,0.3894415696549861,0.021648195461249086,0.5889102348837647
7906,0.6796558626763917,0.20167820681534876,0.1186659305082597
7907,0.07014675490920484,0.05681054245404765,0.8730427026367475
7908,0.9378071155663736,0.010106728650092168,0.05208615578353428
7909,0.7332345299344459,0.12128712028221891,0.14547834978333513
7910,0.9810556618389609,0.006564120661402183,0.012380217499636973
7911,0.9746182111704015,0.006228582947995417,0.019153205881603096
7912,0.14371029634090565,0.03996036827732776,0.8163293353817664
7913,0.004576667311037932,0.013003046783140059,0.9824202859058219
7914,0.641846032546629,0.01864616892079787,0.3395077985325732
7915,0.6729158385432643,0.11261837685693836,0.2144657845997973
7916,0.5204027108027462,0.04712657905150342,0.4324707101457504
7917,0.23147118208050138,0.6199546930970592,0.14857412482243948
7918,0.9293919669920895,0.019227306501211842,0.0513807265066986
7919,0.47229495828511603,0.35820631795689445,0.16949872375798947
7920,0.9778056078572858,0.0019582405679390742,0.02023615157477502
7921,0.9159790407069703,0.02166934396754205,0.062351615325487574
7922,0.04988699030950051,0.09108397251496993,0.8590290371755296
7923,0.8877600271688382,0.0027073418734260345,0.10953263095773591
7924,0.42537593815704927,0.444892942242714,0.1297311196002368
7925,0.0033854324725213834,0.0017074985152200016,0.9949070690122587
7926,0.7265830724162546,0.08472947649227915,0.18868745109146623
7927,0.717877449983132,0.2061425339601899,0.07598001605667834
7928,0.013403486867546336,0.026916790792660735,0.9596797223397929
7929,0.7944298497887721,0.11390123655466296,0.09166891365656488
7930,0.12334592572185259,0.24680801577961572,0.6298460584985317
7931,0.9523145721289067,0.003358669541079764,0.044326758330013614
7932,0.07081782442916577,0.04573966356924778,0.8834425120015864
7933,0.3813091763950956,0.09667270135222447,0.5220181222526801
7934,0.9714066185846878,0.004338848457872006,0.02425453295744017
7935,0.9548459926906601,0.00865102922461331,0.036502978084726696
7936,0.8458752956084638,0.10093119812489117,0.05319350626664508
7937,0.09976111429918953,0.04276649569886543,0.857472390001945
7938,0.9627438907979842,0.005517670077095577,0.03173843912492024
7939,0.14652258502249246,0.03321424285817147,0.8202631721193361
7940,0.5486674414037597,0.21056204019570865,0.24077051840053168
7941,0.0908064280635103,0.30321909061200075,0.605974481324489
7942,0.9266239296453218,0.02153766684598755,0.05183840350869058
7943,0.03947285557749549,0.032908040859393396,0.9276191035631111
7944,0.9745475910223396,0.003972235347948084,0.021480173629712433
7945,0.962831520538526,0.0032765741130729845,0.033891905348400905
7946,0.8703770524563782,0.01751687771467841,0.11210606982894342
7947,0.9382142593513771,0.008795804683639344,0.05298993596498345
7948,0.0932778324101646,0.06299185792675127,0.8437303096630842
7949,0.0391173727183961,0.2520831860679849,0.7087994412136189
7950,0.9208907373297375,0.014020805890414966,0.06508845677984755
7951,0.2988244300149705,0.3123524508527678,0.3888231191322617
7952,0.14908281807470222,0.09710098498179383,0.753816196943504
7953,0.0032353267356576266,0.0011733588251758356,0.9955913144391666
7954,0.8919904959181559,0.04121407753918635,0.06679542654265777
7955,0.12288216178826097,0.0346480295763529,0.8424698086353861
7956,0.03819602558735166,0.08275044844520375,0.8790535259674447
7957,0.9380686500787278,0.026113379906549702,0.03581797001472266
7958,0.006047037271801657,0.0025761778239233187,0.9913767849042749
7959,0.29007833629503044,0.1436939103899847,0.5662277533149849
7960,0.08258307967068682,0.09430289728071578,0.8231140230485974
7961,0.8818360470097116,0.025434550994748197,0.09272940199554007
7962,0.20415107512917136,0.024819325653018278,0.7710295992178104
7963,0.06176682171176459,0.09680492036604514,0.8414282579221903
7964,0.00327021285727085,0.004186511322262779,0.9925432758204663
7965,0.9657471688565072,0.005996486741116759,0.02825634440237593
7966,0.5644564002865629,0.12157241233231539,0.31397118738112173
7967,0.47556143499542103,0.1170624562433199,0.40737610876125907
7968,0.9458731059328387,0.00440812259961133,0.04971877146755006
7969,0.271727785509172,0.08378844772497056,0.6444837667658575
7970,0.9567822674317207,0.003868943056932627,0.039348789511346696
7971,0.9754077353659268,0.0025361753326345426,0.022056089301438635
7972,0.5476498982040262,0.1993342392334992,0.2530158625624746
7973,0.9563251426072008,0.003113007159952816,0.04056185023284635
7974,0.09254417897533193,0.31325054566608596,0.5942052753585821
7975,0.9531364830788411,0.007079653113602785,0.039783863807556184
7976,0.9218869764052432,0.001601678760755521,0.07651134483400118
7977,0.9635150879304084,0.005751964857477571,0.030732947212113938
7978,0.005091206736276179,0.0027300569710215993,0.9921787362927023
7979,0.6733423588292912,0.07902011863543655,0.24763752253527235
7980,0.851022508825699,0.0016258236691899439,0.14735166750511122
7981,0.8151157887173865,0.09811261408740309,0.0867715971952103
7982,0.8123362808472435,0.07886073712810658,0.10880298202464983
7983,0.887240063079119,0.06204130999429583,0.05071862692658522
7984,0.1186265287799979,0.2000322882632315,0.6813411829567707
7985,0.498912068359293,0.11210715260815012,0.3889807790325568
7986,0.1006502679675098,0.01109364752993631,0.8882560845025539
7987,0.6633765216606815,0.031210018188053683,0.30541346015126475
7988,0.6195213765383593,0.2036212486900722,0.17685737477156863
7989,0.837431735023152,0.04630052090339241,0.1162677440734556
7990,0.31885423643737126,0.039179452037228224,0.6419663115254005
7991,0.028281203353952625,0.03538471233753243,0.9363340843085151
7992,0.9627872223588333,0.016704880938423795,0.02050789670274282
7993,0.711711082839841,0.08115354095865818,0.2071353762015009
7994,0.958827391330564,0.004402051701008467,0.0367705569684274
7995,0.8099116703697755,0.010357362579693209,0.17973096705053124
7996,0.05305977774835046,0.11236985473233614,0.8345703675193133
7997,0.8837793806158377,0.019344298264138603,0.09687632112002363
7998,0.00277509264789241,0.002931043357020789,0.9942938639950868
7999,0.00446247618833152,0.001432623799077029,0.9941049000125914
8000,0.8354640409444526,0.07538232816893144,0.08915363088661585
8001,0.8667925040575396,0.008327437433257943,0.12488005850920242
8002,0.3353609107674098,0.3091464787009051,0.355492610531685
8003,0.6125604151873949,0.3001697941632435,0.08726979064936163
8004,0.21747916190690955,0.03756718739775522,0.7449536506953351
8005,0.7525801911104568,0.05640338841074532,0.19101642047879788
8006,0.7792327481118525,0.07181156361749959,0.14895568827064784
8007,0.9114170926431505,0.029589808829625502,0.058993098527223925
8008,0.9444942325833037,0.039907300145597194,0.015598467271099023
8009,0.7425073940449664,0.08242811357737806,0.17506449237765562
8010,0.7522528407073049,0.1425793477709064,0.1051678115217886
8011,0.765778396326815,0.01335679589022778,0.22086480778295728
8012,0.6493473280991103,0.018666602067545376,0.3319860698333443
8013,0.12974380937265656,0.08089674023156564,0.7893594503957777
8014,0.8449853355719152,0.0880553994076142,0.06695926502047049
8015,0.9679592105888765,0.004040300695753165,0.028000488715370433
8016,0.9704318056087813,0.012742614455972297,0.0168255799352464
8017,0.5019787632290722,0.026657999514051903,0.4713632372568759
8018,0.6098956171683904,0.14926883577233804,0.24083554705927152
8019,0.9672257600717341,0.011973413746137808,0.02080082618212826
8020,0.5035836943455045,0.04556963168037656,0.4508466739741188
8021,0.10631220725149015,0.04709084368369998,0.8465969490648099
8022,0.024518768182826486,0.005292853901745752,0.9701883779154278
8023,0.4451960398675622,0.31127736132147615,0.24352659881096167
8024,0.8825006862808578,0.006150253427973134,0.1113490602911691
8025,0.09490986312773551,0.013586110707014095,0.8915040261652505
8026,0.9716554414732554,0.004465903777274282,0.02387865474947021
8027,0.9766269234941614,0.005110439617345271,0.018262636888493458
8028,0.024668898904429318,0.018764676940738214,0.9565664241548324
8029,0.04926109151967051,0.10418453854678593,0.8465543699335436
8030,0.9833278441069127,0.0027711400737490594,0.013901015819338289
8031,0.7240764887801294,0.2056539087711209,0.07026960244874962
8032,0.9618551850654207,0.002678326225013863,0.035466488709565404
8033,0.04701435058960369,0.05717278207503039,0.8958128673353659
8034,0.6348720425622066,0.0967288513337596,0.2683991061040338
8035,0.9478964999809514,0.012972522114802997,0.039130977904245696
8036,0.17032725969663842,0.8037478379203689,0.025924902382992686
8037,0.5394528032808926,0.1005405443004132,0.3600066524186942
8038,0.895229446919591,0.024031539032149996,0.08073901404825899
8039,0.03240416153545228,0.09352884719125888,0.8740669912732888
8040,0.3076808601799196,0.251539582313352,0.4407795575067284
8041,0.24469523691915931,0.021164169089751713,0.7341405939910889
8042,0.0066275889792629565,0.023058845166509162,0.9703135658542279
8043,0.9436650137204239,0.022913518507786952,0.033421467771789184
8044,0.007753026250725655,0.0032387339863391373,0.9890082397629352
8045,0.11181798298930902,0.3752130075229367,0.5129690094877543
8046,0.9111311805476934,0.0034713128438729635,0.08539750660843369
8047,0.9189773255250037,0.017227790354354986,0.06379488412064124
8048,0.9140285675798426,0.009929284270789436,0.07604214814936795
8049,0.5122221693776321,0.25536686700725797,0.23241096361510996
8050,0.3949579947926993,0.024394053976744174,0.5806479512305565
8051,0.02484742644126598,0.002641326504814332,0.9725112470539197
8052,0.9648843281378456,0.018751686720931974,0.0163639851412224
8053,0.01735407684727109,0.03263904675419861,0.9500068763985303
8054,0.7237779086876951,0.04084822203170792,0.23537386928059703
8055,0.19210098584683616,0.2816499404893023,0.5262490736638614
8056,0.6631974757047444,0.2265772404986089,0.1102252837966466
8057,0.9661330372841982,0.0019139657282104176,0.03195299698759149
8058,0.8648795226300089,0.048534232296070075,0.08658624507392094
8059,0.719242841001252,0.03567239858916342,0.2450847604095846
8060,0.053775916859723084,0.3518026999499777,0.5944213831902992
8061,0.1028002401842187,0.1720529372534054,0.725146822562376
8062,0.07467029538406879,0.10165097996984587,0.8236787246460854
8063,0.8897634682027482,0.06592494680034704,0.044311584996904685
8064,0.007918016985859522,0.06170410756766763,0.930377875446473
8065,0.8240273190840168,0.0716560676995889,0.10431661321639422
8066,0.9791873311888267,0.0063369037587623165,0.014475765052411004
8067,0.08676258965795473,0.014156099547949313,0.8990813107940959
8068,0.7496270443023834,0.06107497484519009,0.18929798085242655
8069,0.9062776335913971,0.025741090899106218,0.06798127550949658
8070,0.9680890992139226,0.004064645751696363,0.027846255034381106
8071,0.9386193001785875,0.0039423230725712044,0.0574383767488414
8072,0.9435342648451768,0.01372601579879665,0.042739719356026565
8073,0.9782445997539345,0.0025222155866674906,0.01923318465939803
8074,0.6672273682906237,0.029974565042349795,0.3027980666670266
8075,0.8820006057051517,0.06948411481531466,0.04851527947953361
8076,0.9296552320510731,0.0173298757993845,0.05301489214954235
8077,0.007502661704628336,0.01712380728611976,0.9753735310092518
8078,0.15657758529170793,0.04736032280150884,0.7960620919067832
8079,0.9249486338947638,0.028755621015000784,0.04629574509023554
8080,0.9052154078416869,0.06545892780316498,0.029325664355148072
8081,0.9719079113866004,0.004657910327085709,0.023434178286313896
8082,0.7760099606396984,0.0368810824255158,0.18710895693478577
8083,0.24954184419681263,0.055351795289522915,0.6951063605136644
8084,0.003596876855063241,0.0026769485658991133,0.9937261745790377
8085,0.9253422550169245,0.030114591560148098,0.044543153422927376
8086,0.008035215516761401,0.0011786007560325798,0.990786183727206
8087,0.6694604368773702,0.10695218427762672,0.223587378845003
8088,0.3191260648236153,0.03878878112967156,0.6420851540467131
8089,0.057915818277944134,0.013083979309548384,0.9290002024125075
8090,0.0045570314269606825,0.0017408647517923685,0.9937021038212469
8091,0.9430319278665091,0.011289194539971443,0.04567887759351943
8092,0.004319785755519389,0.0015550713263699507,0.9941251429181106
8093,0.8437839724690188,0.09973156836927138,0.056484459161709806
8094,0.21358447343991638,0.30021109435002175,0.4862044322100619
8095,0.4439766847726185,0.2993929022210111,0.2566304130063705
8096,0.4405765291080638,0.031973990180707054,0.5274494807112292
8097,0.1946366338273845,0.06655561686246192,0.7388077493101536
8098,0.7595493697652703,0.12709827623542055,0.11335235399930912
8099,0.6519332065515564,0.026186902181799518,0.3218798912666441
8100,0.005236536592892892,0.0020472550202914196,0.9927162083868156
8101,0.3598792065977342,0.18949429211732732,0.4506265012849384
8102,0.7850756228030162,0.03724479435918048,0.17767958283780336
8103,0.2584816058536764,0.34224915340204876,0.39926924074427483
8104,0.4903148316134046,0.2335966228744863,0.2760885455121091
8105,0.005496781056699154,0.002414659487685534,0.9920885594556154
8106,0.9471639332084171,0.007864598227005267,0.04497146856457768
8107,0.004676336992354245,0.0016598386064397969,0.9936638244012059
8108,0.9423103118902071,0.009054752993074384,0.04863493511671859
8109,0.727140713037997,0.009741660219756497,0.2631176267422465
8110,0.9750040771783821,0.014753377118706286,0.010242545702911617
8111,0.6072168270959922,0.3361058107205489,0.056677362183458896
8112,0.4801536552445273,0.01809697755174341,0.5017493672037293
8113,0.00951618856226108,0.03465817397883969,0.9558256374588993
8114,0.032180583899545305,0.00995807016225384,0.9578613459382008
8115,0.9705515023219207,0.011474592394795183,0.01797390528328413
8116,0.6852739489178593,0.162400503526524,0.1523255475556167
8117,0.05014435124554493,0.011252413871143542,0.9386032348833115
8118,0.4251884833695205,0.3346324786019193,0.24017903802856014
8119,0.6524639328132118,0.14836904100692427,0.19916702617986387
8120,0.9310490957999453,0.04580973743373481,0.02314116676632005
8121,0.15037376819211848,0.2883282302365934,0.5612980015712883
8122,0.9680832574334121,0.006254093937915953,0.025662648628672024
8123,0.9796622375591845,0.003356247984285245,0.016981514456530282
8124,0.15220827404295595,0.05166453708564207,0.796127188871402
8125,0.8820307832705053,0.013842691090168325,0.1041265256393263
8126,0.7239770980578281,0.06373468129356183,0.21228822064861022
8127,0.07081490647941972,0.06457847577973841,0.8646066177408419
8128,0.5378212189673561,0.12317238030450053,0.3390064007281434
8129,0.9681633193610403,0.011669997475451097,0.020166683163508607
8130,0.149609405488279,0.019417919043809715,0.8309726754679113
8131,0.033035799056772196,0.1476631357896579,0.8193010651535698
8132,0.5967854514189549,0.267133165908614,0.13608138267243114
8133,0.8749272592741523,0.08091411734428719,0.044158623381560624
8134,0.58232426817186,0.2993126477679556,0.1183630840601844
8135,0.007173945712186746,0.0014606698597490074,0.9913653844280642
8136,0.022700820444067328,0.002597617899096268,0.9747015616568364
8137,0.0891994773666427,0.016937124233435484,0.8938633983999218
8138,0.08723307208452834,0.026167223277519594,0.8865997046379521
8139,0.05194143878790204,0.04875678627281853,0.8993017749392794
8140,0.8592832551389361,0.025012898409019817,0.11570384645204414
8141,0.9736111182875121,0.0050633696105051315,0.02132551210198275
8142,0.9393829978780657,0.048706533306056905,0.011910468815877453
8143,0.4469441838785355,0.5450818365704617,0.007973979551002803
8144,0.14036972534724462,0.06899533532593306,0.7906349393268223
8145,0.8462027914016815,0.002990735302072359,0.1508064732962462
8146,0.8887727651223647,0.0024936049639588008,0.10873362991367654
8147,0.4131030104999725,0.009377818117625582,0.5775191713824019
8148,0.9588242846916452,0.00506260061974824,0.036113114688606646
8149,0.9500005415540139,0.009315189371439925,0.040684269074546156
8150,0.9604923356924745,0.022840003057957192,0.016667661249568318
8151,0.07277738275352552,0.048566577336430446,0.878656039910044
8152,0.9436113755567684,0.019235055688241975,0.03715356875498969
8153,0.8597567196489109,0.024908176801979955,0.11533510354910909
8154,0.9134640851061311,0.027029401308485537,0.05950651358538338
8155,0.1541266278252632,0.07108596396912073,0.7747874082056161
8156,0.9635251487619885,0.026187912306644696,0.010286938931366823
8157,0.7724204025975553,0.018999927115517058,0.20857967028692764
8158,0.9273575930258032,0.04326058562348571,0.029381821350710952
8159,0.24154982280912257,0.1995968465299732,0.5588533306609043
8160,0.47082039139639786,0.0960027659822674,0.43317684262133477
8161,0.8052646273649368,0.12568734227592723,0.06904803035913605
8162,0.08680363554920019,0.6355824780328267,0.27761388641797297
8163,0.1515484266790588,0.17117876716540278,0.6772728061555384
8164,0.5578148884717496,0.08106064434932161,0.3611244671789287
8165,0.006309270058372632,0.0033268208723881768,0.9903639090692391
8166,0.5454529887196375,0.06257803366769042,0.391968977612672
8167,0.3369281080530645,0.0843801518568155,0.57869174009012
8168,0.48727050292447316,0.02818689762860729,0.4845425994469196
8169,0.8325757832063518,0.012117566510582862,0.15530665028306523
8170,0.3959102680569352,0.34581995212858724,0.2582697798144775
8171,0.031096856069479234,0.06978956846756032,0.8991135754629604
8172,0.020597291316511737,0.02476897900686691,0.9546337296766213
8173,0.7355961766599836,0.10887701281650887,0.15552681052350756
8174,0.970286361077895,0.0030940199171376605,0.02661961900496731
8175,0.8872225449390884,0.041530625311904934,0.07124682974900678
8176,0.775550859580519,0.008259738811135248,0.21618940160834577
8177,0.15875236087420427,0.06658685507845251,0.7746607840473432
8178,0.671213528052237,0.10273191579947567,0.22605455614828737
8179,0.5220923646651701,0.06761806757755505,0.4102895677572749
8180,0.5131608069099592,0.27054801262688927,0.21629118046315154
8181,0.13337880872153576,0.06524271702351586,0.8013784742549485
8182,0.9726399703771376,0.015229791442440072,0.01213023818042237
8183,0.48209356220664484,0.1292318220110344,0.38867461578232076
8184,0.7355376246519456,0.1414941261698107,0.12296824917824369
8185,0.9714711523344798,0.01952848759186456,0.009000360073655619
8186,0.8279450554429061,0.10492683444455225,0.06712811011254168
8187,0.2078914134801393,0.031004727499487947,0.7611038590203728
8188,0.9264261112934178,0.019313913166566655,0.05425997554001556
8189,0.05718389238495229,0.20042869014628265,0.742387417468765
8190,0.0241878775427888,0.8978143569164444,0.07799776554076673
8191,0.9708045244263473,0.00440829226226229,0.02478718331139033
8192,0.9634533174649926,0.0029378109167968527,0.03360887161821044
8193,0.9594751892379793,0.005045676824740552,0.035479133937280236
8194,0.8929257213356124,0.059325497111853184,0.04774878155253438
8195,0.9372232641347451,0.0034099225396178236,0.05936681332563699
8196,0.8870624265012151,0.035558864304574535,0.07737870919421028
8197,0.7368433334680963,0.056320959645847386,0.20683570688605638
8198,0.41646499986864355,0.05446419454516013,0.5290708055861965
8199,0.8088309323229248,0.15089223258156137,0.040276835095513865
8200,0.9797814355309546,0.0029748938338922267,0.017243670635153054
8201,0.09959488735733474,0.026625490287620325,0.8737796223550449
8202,0.41151459923117367,0.09054568739459194,0.49793971337423437
8203,0.864988849284559,0.019499944180961192,0.11551120653447974
8204,0.11938811700071195,0.12651829519522498,0.754093587804063
8205,0.9434246592996397,0.005885903024066182,0.050689437676294156
8206,0.15475172129117107,0.0370236931658101,0.8082245855430188
8207,0.971705120006855,0.0044655685910081145,0.023829311402136805
8208,0.08154953319353826,0.16814394107524525,0.7503065257312166
8209,0.3986737344569109,0.056924143269204995,0.5444021222738841
8210,0.8491066891346669,0.02380793467369905,0.1270853761916341
8211,0.2664392057587966,0.27456826755254743,0.4589925266886559
8212,0.9512167336571372,0.005264706918622668,0.04351855942424011
8213,0.9194572738267413,0.02497838023170859,0.05556434594155022
8214,0.019686344949591438,0.030991014180029627,0.9493226408703789
8215,0.8803217973111793,0.10564696395314946,0.01403123873567112
8216,0.8524527284498856,0.04065222756354272,0.10689504398657167
8217,0.6776127349915425,0.13230689952007849,0.19008036548837898
8218,0.004823227605911134,0.009818155493308982,0.9853586169007799
8219,0.8227864186546332,0.0575031198284221,0.11971046151694464
8220,0.8593825550925531,0.02710389046252377,0.11351355444492305
8221,0.6082958991713647,0.05465544824414713,0.3370486525844881
8222,0.22244645290466097,0.11691215715603455,0.6606413899393044
8223,0.5953785766949309,0.1416085369266628,0.26301288637840625
8224,0.7871488646561402,0.08134308557076263,0.13150804977309713
8225,0.12325593477682256,0.008211531657276295,0.8685325335659011
8226,0.0024886638111038515,0.0013077394773221057,0.9962035967115741
8227,0.9242033539945722,0.040627350354537094,0.03516929565089077
8228,0.8601598098170086,0.004214635817032367,0.1356255543659591
8229,0.14684200705423858,0.057540665787002024,0.7956173271587593
8230,0.3706747804284446,0.16727822170805265,0.4620469978635028
8231,0.6065051215796955,0.3528876507621809,0.04060722765812363
8232,0.5685837267649109,0.15578434894266044,0.2756319242924286
8233,0.02939387945015355,0.01382402752352322,0.9567820930263233
8234,0.9678456845528767,0.006097292063253325,0.02605702338386994
8235,0.4963539569566713,0.13148748772501187,0.3721585553183168
8236,0.187390562122824,0.1506433111522144,0.6619661267249616
8237,0.8068354023975525,0.045909904726708285,0.14725469287573914
8238,0.19328682905954675,0.05572938677142898,0.7509837841690242
8239,0.029180654971221152,0.41420378866512714,0.5566155563636518
8240,0.7449813115126054,0.15144601373635289,0.10357267475104166
8241,0.006761704682610915,0.001954375133262429,0.9912839201841267
8242,0.9045334080960822,0.0030591298898243672,0.09240746201409346
8243,0.23191089078306432,0.5886062957582623,0.17948281345867334
8244,0.9757785206264181,0.003309278084871976,0.02091220128870996
8245,0.8882192521091444,0.04076341976935044,0.0710173281215051
8246,0.4153643971667872,0.09069703797749347,0.4939385648557193
8247,0.950714492924509,0.00902113065369431,0.04026437642179669
8248,0.9411490819248799,0.036128721316759545,0.022722196758360635
8249,0.9129562652398063,0.013430308277023531,0.07361342648317014
8250,0.9270407739152038,0.031835812947358356,0.04112341313743787
8251,0.679898731681721,0.03460578331550457,0.28549548500277444
8252,0.7276468063844144,0.02340753947038622,0.24894565414519942
8253,0.9741505965908216,0.010299077789943835,0.015550325619234483
8254,0.6980641545182167,0.031038954238091,0.2708968912436923
8255,0.36600308633119505,0.13343198316652027,0.5005649305022847
8256,0.8089055823319543,0.07567477395880942,0.11541964370923632
8257,0.7617780102944469,0.18611349257741733,0.05210849712813563
8258,0.004450648561407767,0.0010829289562731856,0.994466422482319
8259,0.025927124749194317,0.04909709286836278,0.9249757823824428
8260,0.9745340561756491,0.013048469051878545,0.012417474772472459
8261,0.8034615803717035,0.05057176436395185,0.14596665526434477
8262,0.935470410275711,0.004118154509994951,0.060411435214294096
8263,0.6208686568352763,0.30494555400718537,0.0741857891575384
8264,0.9494917698085492,0.004119179263537689,0.046389050927913025
8265,0.6127095169519514,0.19789872610446485,0.1893917569435838
8266,0.002797130249641117,0.0011722682325277975,0.9960306015178311
8267,0.8752490550131864,0.04958323838447165,0.07516770660234193
8268,0.9144877972750718,0.022444104058245148,0.0630680986666831
8269,0.9570309926027993,0.006690976676676817,0.0362780307205239
8270,0.5304584695302235,0.12986490059382166,0.3396766298759549
8271,0.8839178093918231,0.07552911402709805,0.040553076581078915
8272,0.9773219719042426,0.002947295495291918,0.01973073260046543
8273,0.6734419283020928,0.2623586298414837,0.06419944185642341
8274,0.6397218486088495,0.19426740532921283,0.16601074606193766
8275,0.14404884644008595,0.0884069593332853,0.7675441942266287
8276,0.32264903443868564,0.08796253558521773,0.5893884299760965
8277,0.959471170695184,0.008294021066232456,0.032234808238583657
8278,0.7806849732415724,0.01289411421306959,0.20642091254535808
8279,0.8887124697259633,0.01139541204420043,0.09989211822983632
8280,0.004685775717066177,0.008819090332147242,0.9864951339507866
8281,0.6681325415527037,0.07350594729121317,0.2583615111560831
8282,0.926181797311049,0.04483552003621544,0.02898268265273571
8283,0.9392801027731335,0.0034429566262070576,0.057276940600659375
8284,0.9759375048000903,0.0033231960123738056,0.020739299187535736
8285,0.041604449128707525,0.003986923953881537,0.9544086269174109
8286,0.9830671345111105,0.002885861403199204,0.014047004085690306
8287,0.5761052319934226,0.030947912566872366,0.392946855439705
8288,0.9727648689630679,0.008706828588092378,0.018528302448839684
8289,0.26576365628218646,0.17643118706698735,0.5578051566508261
8290,0.1654117757041042,0.042131496599120986,0.7924567276967749
8291,0.1864011689938572,0.059592590853329915,0.7540062401528128
8292,0.8150650840046645,0.038778669138092664,0.14615624685724293
8293,0.8797631642073923,0.014296123410199646,0.10594071238240806
8294,0.9742865462024765,0.004296042652189412,0.02141741114533408
8295,0.9714096808694456,0.015306513524206438,0.01328380560634794
8296,0.6682251561445188,0.09713242741523573,0.2346424164402455
8297,0.8179783455527714,0.032846954090314434,0.14917470035691416
8298,0.9439270423845549,0.044759831152557474,0.011313126462887686
8299,0.9236208001228482,0.01798345640336061,0.058395743473791194
8300,0.7826070270281532,0.05048408456156626,0.1669088884102805
8301,0.7657398526001625,0.05232937507009449,0.18193077232974295
8302,0.12804222410299462,0.06949474502149938,0.8024630308755061
8303,0.9227118396918053,0.011642670456502224,0.0656454898516925
8304,0.0058957575358058465,0.03084393735613153,0.9632603051080626
8305,0.9474536181684335,0.01353290494362444,0.0390134768879421
8306,0.8117152414962407,0.023917079343001923,0.16436767916075726
8307,0.0210576377166168,0.001221995621427242,0.977720366661956
8308,0.8271491313673341,0.009729130945163731,0.16312173768750207
8309,0.05386616035218183,0.1374472980269037,0.8086865416209145
8310,0.8447786314927004,0.05055317233176122,0.10466819617553842
8311,0.9241570999638348,0.010395538883832562,0.06544736115233267
8312,0.9604474681654211,0.011806987103869248,0.02774554473070957
8313,0.958323905265591,0.008179731878202524,0.033496362856206545
8314,0.9747929792310603,0.00666506605330813,0.0185419547156315
8315,0.6952196636919241,0.24299056419623197,0.061789772111844055
8316,0.8983596798580095,0.04595163634302529,0.05568868379896535
8317,0.7057269280111612,0.14649217446265508,0.14778089752618376
8318,0.5479362339546666,0.12100864936690324,0.33105511667843024
8319,0.019730942895123626,0.15233299611644766,0.8279360609884288
8320,0.9442788116243565,0.009407336521108456,0.046313851854535036
8321,0.781665111632955,0.03922599481170772,0.17910889355533727
8322,0.2660737032822761,0.15871824680544314,0.5752080499122808
8323,0.00409291256621003,0.011699639561537805,0.9842074478722521
8324,0.040573737555858205,0.025334702224079006,0.9340915602200629
8325,0.9617128465347733,0.02680046549297493,0.011486687972251736
8326,0.9085440111894425,0.058807175262978406,0.032648813547579036
8327,0.9351725129401451,0.04119346641283603,0.023634020647018857
8328,0.021384327391354627,0.0035508945572060645,0.9750647780514393
8329,0.9745455193901137,0.006463275169122958,0.018991205440763305
8330,0.12619098747344276,0.20536260842615997,0.6684464041003972
8331,0.9511817360666313,0.010123211847386453,0.03869505208598234
8332,0.16877279872677925,0.514779213714528,0.31644798755869297
8333,0.9151324500302299,0.0022722960628157795,0.08259525390695446
8334,0.8891998484267337,0.010486225874967574,0.1003139256982987
8335,0.9390458258653823,0.015518375986168198,0.04543579814844943
8336,0.21512318280948137,0.04385516669581361,0.7410216504947049
8337,0.23677596815977633,0.07826679998231492,0.6849572318579087
8338,0.9727728223958968,0.012667761058911675,0.014559416545191588
8339,0.11716068069703996,0.04317733678439059,0.8396619825185694
8340,0.9677908523037472,0.005741019173329689,0.026468128522923077
8341,0.9156154012920171,0.04849260836900113,0.03589199033898178
8342,0.9350086251470653,0.054440704550159105,0.010550670302775516
8343,0.8123050574925053,0.014094032836368637,0.17360090967112615
8344,0.057868779709842284,0.0746364634118349,0.8674947568783229
8345,0.9734599594134788,0.00511231842765471,0.021427722158866423
8346,0.6805097073762916,0.0010586552305706215,0.31843163739313773
8347,0.43158827668263167,0.2250702647173957,0.3433414585999725
8348,0.07148727779505536,0.19192034856080042,0.7365923736441442
8349,0.9699797658891548,0.0033674752753091773,0.026652758835536042
8350,0.632222915238476,0.0227718387194856,0.34500524604203847
8351,0.6287316617510644,0.047776816145182456,0.32349152210375315
8352,0.840557607682436,0.01178876027233058,0.1476536320452334
8353,0.04342577568985218,0.00750906162026541,0.9490651626898824
8354,0.0212772583197129,0.025712009542327868,0.9530107321379593
8355,0.9782334803658298,0.007258695624503612,0.01450782400966665
8356,0.6925629923512656,0.070033656395312,0.23740335125342232
8357,0.0440140262969988,0.03444601360068171,0.9215399601023194
8358,0.013518976637204853,0.1502854333322794,0.8361955900305157
8359,0.9792969491818129,0.003988850735099035,0.01671420008308805
8360,0.8772343725621996,0.014154621363020644,0.1086110060747797
8361,0.3744139344859351,0.029199404094364074,0.5963866614197009
8362,0.7951091664720253,0.04279144757090542,0.16209938595706924
8363,0.3103898605048145,0.02572532106083363,0.6638848184343519
8364,0.8663535760693415,0.07665767781661187,0.05698874611404662
8365,0.7391240361231414,0.022278513071560306,0.23859745080529826
8366,0.3183983297821011,0.03617504792272994,0.645426622295169
8367,0.6457846775365645,0.045874364099766314,0.3083409583636691
8368,0.8247719807323072,0.06263400047182216,0.11259401879587058
8369,0.6945941507716423,0.026815576127948527,0.2785902731004092
8370,0.8930489356193692,0.007618926125068909,0.09933213825556185
8371,0.717603491836594,0.0856259339431314,0.19677057422027452
8372,0.005006007686611003,0.0019412703117733506,0.9930527220016157
8373,0.030472973711681568,0.08725202665916962,0.8822749996291489
8374,0.11616943450727134,0.04553029870216302,0.8383002667905657
8375,0.9596743718999322,0.024895416304611492,0.015430211795456356
8376,0.13078689311623612,0.023662198521676888,0.845550908362087
8377,0.6868494322906562,0.18828163298668596,0.1248689347226578
8378,0.8874434306737989,0.07427580411476815,0.03828076521143289
8379,0.9496241085381782,0.0031766645490683533,0.047199226912753474
8380,0.6078197645601535,0.029443299817663016,0.36273693562218357
8381,0.9770213963760529,0.009418839433039792,0.013559764190907311
8382,0.7211362268136197,0.01375833067797344,0.2651054425084068
8383,0.9802302233137121,0.005003630077148211,0.01476614660913967
8384,0.9675431768916166,0.006725902464646971,0.02573092064373637
8385,0.03074221843978729,0.5074665656718668,0.46179121588834593
8386,0.44613082112464364,0.11802727294100804,0.43584190593434835
8387,0.9816146482825245,0.006427860842747885,0.011957490874727706
8388,0.4230113960696254,0.030244342390178876,0.5467442615401956
8389,0.6862584808148164,0.04757792007915774,0.2661635991060258
8390,0.06386806038671097,0.07092209449240157,0.8652098451208874
8391,0.5492132268743248,0.033895258433543254,0.41689151469213187
8392,0.8910321708988742,0.04370890102394251,0.06525892807718325
8393,0.8840956188557267,0.048384896398092334,0.06751948474618101
8394,0.5653185314489548,0.09755870079071102,0.3371227677603342
8395,0.27909221522022926,0.09483375184207705,0.6260740329376937
8396,0.8049300473320972,0.08838613549154548,0.10668381717635737
8397,0.9793749761677316,0.007576003639627158,0.0130490201926412
8398,0.9571670840510932,0.02359309113143497,0.01923982481747192
8399,0.9575972980778741,0.020819761095384384,0.021582940826741524
8400,0.00800404153543213,0.01697951209177591,0.9750164463727918
8401,0.16394201101354766,0.6732739692983795,0.16278401968807296
8402,0.1126553729743539,0.46793567565270333,0.4194089513729428
8403,0.02898456033304088,0.1845038899992099,0.7865115496677492
8404,0.9035416670502726,0.0050062428384002895,0.0914520901113271
8405,0.07436165424455585,0.0506390446253834,0.8749993011300607
8406,0.9075541457266662,0.018515541009064256,0.07393031326426966
8407,0.9380007183932771,0.005615531312048587,0.05638375029467418
8408,0.9540613781947199,0.00291267833552941,0.04302594346975055
8409,0.021783586855676225,0.0021845576203935314,0.9760318555239303
8410,0.24430792261040882,0.524760946552268,0.23093113083732322
8411,0.8321358492739079,0.031429664813554144,0.13643448591253793
8412,0.07719525942493105,0.058507189318772884,0.864297551256296
8413,0.01123114537475088,0.005777093229106233,0.9829917613961429
8414,0.9631650723334741,0.004769446026395697,0.032065481640130074
8415,0.9225016325102628,0.030153320809177528,0.047345046680559506
8416,0.937675336657605,0.006585628097014923,0.055739035245380084
8417,0.33713599687659496,0.03213975120466562,0.6307242519187395
8418,0.8866080793305466,0.03434283199294926,0.07904908867650422
8419,0.04052666784297994,0.09731978864061204,0.862153543516408
8420,0.6481209042274021,0.035384351068548994,0.3164947447040489
8421,0.04129367885485976,0.23937490864254293,0.7193314125025972
8422,0.9566704605752995,0.019337994071820724,0.023991545352879774
8423,0.7763750385951235,0.052237648074889946,0.17138731332998658
8424,0.6299936715350155,0.19564300124556322,0.1743633272194213
8425,0.8904949630416917,0.02309199469136121,0.08641304226694697
8426,0.03354482169694049,0.18070321825528013,0.7857519600477794
8427,0.31350388847939004,0.29750025344511244,0.3889958580754976
8428,0.9811310613769922,0.0021284662881639604,0.01674047233484388
8429,0.975212684503925,0.005535206325137564,0.019252109170937493
8430,0.7143034192929383,0.21598663351663425,0.0697099471904275
8431,0.06883812221299812,0.015143604801041663,0.9160182729859602
8432,0.4140205756956466,0.23418376697390017,0.35179565733045315
8433,0.8616720980646171,0.051089705550784216,0.08723819638459873
8434,0.03519242033434272,0.04067025030296557,0.9241373293626918
8435,0.8883989011778743,0.010068348452972055,0.10153275036915367
8436,0.81571993117139,0.052281886712492696,0.1319981821161172
8437,0.014899202520601219,0.012434766049647484,0.9726660314297514
8438,0.9385241643654829,0.04017340357895575,0.021302432055561413
8439,0.6434285789509291,0.13486533023158465,0.22170609081748635
8440,0.7015034575628966,0.1652652539635289,0.13323128847357463
8441,0.47615914754202465,0.023725018684740858,0.5001158337732344
8442,0.8566354668451213,0.07314278403941767,0.0702217491154611
8443,0.9103421054047928,0.029947215219330726,0.05971067937587653
8444,0.7102929683722341,0.1940109595300936,0.09569607209767224
8445,0.9652559051327004,0.016336200673229797,0.018407894194069692
8446,0.8128906332340531,0.011227249951933867,0.17588211681401306
8447,0.040751901654534316,0.35046420969616116,0.6087838886493045
8448,0.9599519200130152,0.002577718393814133,0.0374703615931706
8449,0.4669409399015111,0.2772386236458808,0.2558204364526081
8450,0.43949636910728546,0.11446930702267412,0.4460343238700404
8451,0.9262909912625201,0.01654618972701046,0.057162819010469434
8452,0.9796434764966551,0.0041442839547082885,0.016212239548636705
8453,0.7764778405851491,0.04114195459263348,0.18238020482221737
8454,0.398911255588858,0.12556996518630673,0.4755187792248353
8455,0.12402705493776403,0.07209701844569297,0.803875926616543
8456,0.5963587938533949,0.021192020494423147,0.382449185652182
8457,0.9493151038701927,0.005341121454242984,0.04534377467556424
8458,0.5238052975330615,0.2894881288908738,0.18670657357606468
8459,0.9528092912691101,0.010077236375856717,0.03711347235503327
8460,0.9376704050865152,0.014150902169396663,0.048178692744088134
8461,0.05909972500893236,0.16174968807824072,0.7791505869128269
8462,0.9185748373076008,0.060491209412655664,0.020933953279743525
8463,0.4236817611884348,0.013383034192032342,0.562935204619533
8464,0.8423083471678527,0.1285403323198427,0.029151320512304613
8465,0.14897586017441788,0.057149272268575135,0.7938748675570069
8466,0.8588118545818152,0.06448615279583088,0.07670199262235392
8467,0.949934934997091,0.024373270229365595,0.025691794773543324
8468,0.15000982161589652,0.1067512368129123,0.7432389415711912
8469,0.07478286172977593,0.1887631754980497,0.7364539627721745
8470,0.8182931719297512,0.03262647348537912,0.14908035458486985
8471,0.9645707620306929,0.007176725891162897,0.02825251207814418
8472,0.8182916576471225,0.08584967874272673,0.09585866361015068
8473,0.9190691019130253,0.06226821451886512,0.0186626835681095
8474,0.6648957820018354,0.09364313456765064,0.24146108343051395
8475,0.1234330214320024,0.12803315281563352,0.7485338257523642
8476,0.945755143021125,0.02327727401069153,0.030967582968183416
8477,0.3354523558763324,0.3980240601542772,0.26652358396939047
8478,0.8948785319265395,0.033701855720771,0.07141961235268941
8479,0.9499510669871142,0.003298652261229679,0.046750280751656215
8480,0.9296888340620674,0.027995103243690617,0.04231606269424214
8481,0.9803393108357675,0.010796461873858885,0.008864227290373611
8482,0.352260120286946,0.08026113193803568,0.5674787477750184
8483,0.09123657282975116,0.04110046738062596,0.8676629597896228
8484,0.8112348781905784,0.03137325625487693,0.15739186555454462
8485,0.9645880463346483,0.019922211888456717,0.015489741776895024
8486,0.009779549918288008,0.0055261815869229736,0.984694268494789
8487,0.7564326744963581,0.03964335807784325,0.20392396742579863
8488,0.9496862902183121,0.005280937181974826,0.045032772599713146
8489,0.7016795617164182,0.04096182275864178,0.25735861552494
8490,0.039242161543025095,0.03600565797484397,0.924752180482131
8491,0.10613170122211078,0.05616549376962055,0.8377028050082687
8492,0.7966822522090286,0.10526997503212221,0.09804777275884928
8493,0.8506900918445309,0.0015618265781780795,0.14774808157729105
8494,0.7863387962919082,0.04278381909970742,0.1708773846083845
8495,0.761022114402072,0.09824062507858516,0.14073726051934282
8496,0.9687616631955904,0.011486343207227967,0.019751993597181626
8497,0.9779206209634547,0.0021779919707355312,0.01990138706580972
8498,0.019816351527838203,0.004595501438268881,0.975588147033893
8499,0.9429584666365782,0.011823924857167932,0.04521760850625387
8500,0.7002480060480111,0.17101765246721934,0.12873434148476962
8501,0.6883515652912731,0.025269807647373563,0.28637862706135336
8502,0.04661336069407937,0.004068796682859124,0.9493178426230615
8503,0.7471155079539241,0.11021344020055011,0.14267105184552575
8504,0.022267168446415193,0.005777563729194872,0.97195526782439
8505,0.971161581800684,0.006623209400267829,0.022215208799048126
8506,0.9814912886723265,0.006196520439139821,0.012312190888533657
8507,0.7896970135618664,0.01651094070932005,0.1937920457288136
8508,0.890619251061169,0.02288036774289115,0.08650038119593974
8509,0.9665467335747271,0.005268559052060918,0.02818470737321202
8510,0.715999634639034,0.14166477973822267,0.14233558562274326
8511,0.8102413174121026,0.07437368930786108,0.11538499328003636
8512,0.014033569032237243,0.004969224519728708,0.980997206448034
8513,0.4174176870729722,0.11971372680269261,0.46286858612433524
8514,0.04346660965192539,0.0721504655678436,0.884382924780231
8515,0.7263374089626392,0.03633489727653102,0.23732769376082977
8516,0.04953871440386411,0.005117039932872659,0.9453442456632632
8517,0.5115506825629019,0.07610087429186507,0.412348443145233
8518,0.3687393049176364,0.2983671815914656,0.3328935134908981
8519,0.31609260765785124,0.03560941872682981,0.6482979736153189
8520,0.9248767628349471,0.058541886213885,0.01658135095116779
8521,0.9609668458404091,0.0006633802994306665,0.03836977386016025
8522,0.6139288309710862,0.2744786551325766,0.11159251389633726
8523,0.04997801736285968,0.006262099759959136,0.9437598828771813
8524,0.7998306991542162,0.16700357765148036,0.03316572319430353
8525,0.5574312200599205,0.040039136072276084,0.4025296438678033
