id,Status_C,Status_CL,Status_D
7905,0.32813154267187433,0.02517300238342199,0.6466954549447038
7906,0.7294744734674155,0.19766062389432232,0.07286490263826229
7907,0.09167627872796952,0.0544706298686629,0.8538530914033675
7908,0.9601203797317928,0.010605094293886246,0.02927452597432104
7909,0.7007229021636122,0.14505425356690452,0.1542228442694832
7910,0.9784511553635935,0.009034152127927714,0.01251469250847871
7911,0.9730108392395873,0.012393815839622102,0.01459534492079063
7912,0.13998538368847782,0.05169473575035729,0.808319880561165
7913,0.006408289236118041,0.0035963740851533217,0.9899953366787286
7914,0.7063210642207539,0.005606115731045719,0.2880728200482003
7915,0.6524116420352776,0.13018137629523535,0.21740698166948708
7916,0.5276411456289317,0.03443250977348372,0.4379263445975846
7917,0.2616056163512706,0.6105363267975592,0.1278580568511703
7918,0.948214363951562,0.006690470248414118,0.0450951658000238
7919,0.4329363556700287,0.4116779768755123,0.155385667454459
7920,0.9433869871743115,0.009107906450601087,0.04750510637508756
7921,0.9405382939920881,0.009571591140406012,0.0498901148675059
7922,0.05343634500353639,0.05572635766883682,0.8908372973276267
7923,0.8840938499406656,0.0036135914078908615,0.11229255865144355
7924,0.3736375194748554,0.48287772129925666,0.1434847592258878
7925,0.002726474223692733,0.0011910453816972137,0.9960824803946101
7926,0.7551712277836258,0.06524596287002322,0.17958280934635112
7927,0.7268003538585548,0.20813940244886886,0.06506024369257621
7928,0.008286438984660853,0.011539194339390726,0.9801743666759484
7929,0.8002337108656703,0.11036511847649827,0.0894011706578313
7930,0.13008347845108156,0.2659592088382361,0.6039573127106824
7931,0.9499212230382883,0.004922234183355099,0.045156542778356464
7932,0.05768036577034728,0.08335449021294027,0.8589651440167124
7933,0.42849571661009134,0.08976862133058278,0.48173566205932594
7934,0.9726128332697946,0.005023236459922236,0.02236393027028303
7935,0.9458665268400688,0.011937953733966285,0.042195519425964896
7936,0.8703391080597349,0.05656095474083145,0.07309993719943354
7937,0.07757706680874622,0.04589323933067864,0.8765296938605752
7938,0.9487318746904818,0.006730540142954038,0.04453758516656412
7939,0.06940896656754648,0.03418814864820621,0.8964028847842472
7940,0.6574100462673081,0.14004808774756075,0.20254186598513102
7941,0.08120275218411029,0.5157333846327317,0.40306386318315796
7942,0.936935630511066,0.01878735483413849,0.04427701465479545
7943,0.039160368483733894,0.041337692375977966,0.9195019391402881
7944,0.9731831224142145,0.0039901566888637195,0.022826720896921813
7945,0.9694362608184753,0.004020889643669898,0.026542849537854695
7946,0.8494278390498073,0.021865009173595486,0.1287071517765973
7947,0.9299258215091791,0.0068346751993578515,0.063239503291463
7948,0.10277205018697899,0.04563707887874396,0.8515908709342771
7949,0.042007411500587725,0.27610565929551284,0.6818869292038995
7950,0.9246857403753874,0.009795267435747969,0.06551899218886453
7951,0.2530026852070187,0.31093339812902404,0.43606391666395716
7952,0.13563081428141396,0.08648877229200026,0.7778804134265856
7953,0.0025347820200942706,0.0010519809545825598,0.9964132370253231
7954,0.8989217852903879,0.03260390160984233,0.06847431309976995
7955,0.15680206335376887,0.025328070113424757,0.8178698665328064
7956,0.03015947865576918,0.06310204189435342,0.9067384794498773
7957,0.9418355327979027,0.012534765064822746,0.04562970213727453
7958,0.003061160469905222,0.0012778425938544408,0.9956609969362403
7959,0.2960342308561834,0.1225404001608509,0.5814253689829658
7960,0.07721663170398263,0.12873731286352033,0.7940460554324971
7961,0.9004906232958446,0.015055445625778657,0.08445393107837668
7962,0.2544512937091569,0.017922692078903794,0.7276260142119393
7963,0.06101148759199007,0.09288982106578132,0.8460986913422286
7964,0.0024286077221621896,0.0024457884295917428,0.9951256038482461
7965,0.9574457259356961,0.004204584527675727,0.0383496895366282
7966,0.5387757498199169,0.09913439045982755,0.36208985972025554
7967,0.36209298727274036,0.12723697089882113,0.5106700418284386
7968,0.9566081947414528,0.005414169836739109,0.03797763542180814
7969,0.3298372421363639,0.09627677774152779,0.5738859801221083
7970,0.9274925077917591,0.005252692147156377,0.06725480006108459
7971,0.972750887652119,0.003009271410851497,0.024239840937029463
7972,0.5778962686378323,0.1592517244302121,0.2628520069319556
7973,0.930818731712977,0.007491859319930933,0.061689408967092116
7974,0.058903774525253194,0.3151620827656546,0.6259341427090923
7975,0.9493820100139332,0.007703981592295592,0.04291400839377114
7976,0.8721704400345692,0.0010968495716275237,0.12673271039380327
7977,0.9649468764843585,0.009059636695709992,0.02599348681993154
7978,0.003062470238581842,0.002314178799800164,0.994623350961618
7979,0.6888737272619165,0.05999947058265634,0.25112680215542715
7980,0.9096192097727297,0.006269425436650111,0.08411136479062027
7981,0.8206245885820227,0.07605886232592385,0.10331654909205343
7982,0.8266711787555416,0.07343326842446776,0.09989555281999066
7983,0.9313053849148893,0.029705446401519665,0.038989168683590945
7984,0.12728560207892,0.17065673044265375,0.7020576674784262
7985,0.3375550975083589,0.12625226215279098,0.5361926403388501
7986,0.11933557007904741,0.0203549957702207,0.8603094341507319
7987,0.6516719798301955,0.021492473375099234,0.3268355467947052
7988,0.6421708605831218,0.2125545852367149,0.1452745541801633
7989,0.8750971111743574,0.027246752224551033,0.09765613660109156
7990,0.3939824495583242,0.0442765303209622,0.5617410201207137
7991,0.03819984552390616,0.04922482330851366,0.9125753311675802
7992,0.9684980231444388,0.007592956157004724,0.023909020698556417
7993,0.7702922713474252,0.0635708179081533,0.16613691074442155
7994,0.933768889402448,0.014028729765948695,0.052202380831603265
7995,0.8864403650286956,0.02307788530103546,0.09048174967026892
7996,0.05983714066333328,0.11473260619977166,0.825430253136895
7997,0.9154396710542272,0.017171637181684775,0.067388691764088
7998,0.002613120565947808,0.001355497353309721,0.9960313820807424
7999,0.0018885365826314814,0.0014509727906230013,0.9966604906267456
8000,0.8050175350106472,0.10784057068750845,0.08714189430184442
8001,0.8769096733803592,0.014711313561193934,0.10837901305844684
8002,0.22402878429023623,0.37619014322394406,0.3997810724858197
8003,0.5389720757738559,0.383051787011826,0.07797613721431804
8004,0.1924670493055846,0.026280133216772604,0.7812528174776429
8005,0.7706388731346568,0.052550050390992156,0.176811076474351
8006,0.7742998626788341,0.06949630435570771,0.15620383296545826
8007,0.9214103402655899,0.020782071757691537,0.05780758797671867
8008,0.9476688446478406,0.02940418386379478,0.022926971488364624
8009,0.7666899079408738,0.06554996623022705,0.16776012582889915
8010,0.7390518931023566,0.1786392786704075,0.08230882822723588
8011,0.7306900263470162,0.02228579836711509,0.24702417528586879
8012,0.7052372853248395,0.018746953981067745,0.2760157606940927
8013,0.10655541541924038,0.08494577488614673,0.808498809694613
8014,0.8772710672517001,0.05646970920796386,0.06625922354033605
8015,0.9631183641268685,0.005564781798618095,0.03131685407451335
8016,0.9583342610443921,0.024498749979692716,0.017166988975915044
8017,0.4780914418563829,0.018196500745844474,0.5037120573977726
8018,0.6587636412626665,0.13445478284410584,0.20678157589322757
8019,0.9720539073576363,0.011619107088189525,0.016326985554174268
8020,0.6524005089295802,0.03214571303209908,0.3154537780383208
8021,0.1336644358746674,0.03421673004708141,0.832118834078251
8022,0.016823940280897565,0.007996968232975528,0.9751790914861269
8023,0.5048847186923987,0.24889390031229008,0.24622138099531135
8024,0.9143717911018634,0.00691227975482261,0.07871592914331405
8025,0.09017548649029869,0.019649723604040062,0.8901747899056612
8026,0.9721467529655212,0.006371853451363916,0.02148139358311474
8027,0.9728569311293385,0.007667015377608756,0.019476053493052804
8028,0.016454022039499732,0.009489214168134408,0.9740567637923659
8029,0.04396814686289375,0.09683883584399477,0.8591930172931115
8030,0.9827585082508263,0.0043379217984720305,0.012903569950701679
8031,0.7623190312094962,0.19590353370113392,0.04177743508936995
8032,0.9511605021954324,0.004300147271825622,0.044539350532742
8033,0.0423261204371336,0.031007336395495022,0.9266665431673713
8034,0.6087069539118936,0.08961065767698723,0.30168238841111916
8035,0.9422118552329166,0.02378430156128412,0.034003843205799196
8036,0.1867979525299374,0.8078941155697452,0.005307931900317466
8037,0.6334139857792025,0.07113904952636192,0.29544696469443565
8038,0.8793844460610933,0.026147246869130385,0.09446830706977624
8039,0.03561955020296921,0.07874622754782122,0.8856342222492095
8040,0.24319489143062342,0.2459069799661272,0.5108981286032493
8041,0.24119943573913066,0.03420378619739017,0.7245967780634792
8042,0.009724196267848593,0.013394784945774868,0.9768810187863765
8043,0.9534438262825669,0.01517854515179154,0.03137762856564155
8044,0.008110242748608524,0.0016218130693987642,0.9902679441819927
8045,0.11864671099065627,0.46132179281138364,0.42003149619796
8046,0.9137179818051484,0.004180952240846872,0.08210106595400476
8047,0.9429451442656349,0.010215182675231742,0.046839673059133245
8048,0.9060140791347927,0.02480700861831628,0.06917891224689109
8049,0.3655401307500698,0.4724078051932787,0.16205206405665162
8050,0.48820708029668297,0.021740036408275026,0.4900528832950421
8051,0.03708959021059721,0.0066998808181457075,0.9562105289712571
8052,0.9481804168134814,0.035620519256785305,0.01619906392973334
8053,0.020135326274837873,0.041038186762904404,0.9388264869622578
8054,0.6658448476773932,0.061811410249713754,0.27234374207289314
8055,0.2293050344673343,0.21834933823677022,0.5523456272958955
8056,0.6978928975530434,0.22351999996469993,0.07858710248225664
8057,0.9624473482058812,0.0028561878226882353,0.03469646397143053
8058,0.8593550859215119,0.06952438744831275,0.07112052663017543
8059,0.764615935842242,0.03249827795415378,0.2028857862036043
8060,0.05723052710749658,0.3384349671895271,0.6043345057029764
8061,0.10780799957422756,0.16098544595367,0.7312065544721025
8062,0.08765092417279115,0.07599410239092533,0.8363549734362834
8063,0.8871646516307718,0.0556464165943874,0.057188931774840725
8064,0.015110303059023696,0.08615069932138662,0.8987389976195896
8065,0.8557304310820264,0.0382938681080771,0.10597570080989661
8066,0.9596606426249172,0.007361797104876972,0.032977560270205854
8067,0.0912096216074174,0.0133173873418367,0.8954729910507458
8068,0.7112777555140386,0.07192609445985301,0.21679615002610836
8069,0.9064837626556104,0.02850993069956477,0.06500630664482494
8070,0.9691975542564211,0.004852189221117295,0.025950256522461728
8071,0.9560920711504665,0.0054469567795294325,0.03846097207000407
8072,0.9361346520331979,0.009013476645904968,0.054851871320897215
8073,0.9698069190156678,0.007000134859260237,0.023192946125071896
8074,0.6398385719253095,0.031470896427672035,0.32869053164701856
8075,0.8830539143643433,0.06564156020932511,0.05130452542633152
8076,0.9618928259137963,0.004438752238535548,0.033668421847668106
8077,0.00812390365746101,0.014292229819908336,0.9775838665226306
8078,0.14931004686547444,0.04568897455940734,0.8050009785751183
8079,0.9595043760421305,0.009683868929033935,0.030811755028835736
8080,0.9265034617709742,0.05208895785951374,0.02140758036951203
8081,0.9739832604496016,0.0052004076442629535,0.020816331906135417
8082,0.771956650718733,0.04608618783793237,0.18195716144333465
8083,0.24673803128382887,0.044520159419456376,0.7087418092967147
8084,0.0047480176818185315,0.002422939587099585,0.992829042731082
8085,0.9259057106220421,0.032337985500804516,0.04175630387715344
8086,0.0028328355495935596,0.0013499924750592887,0.9958171719753472
8087,0.6673807299742203,0.06645136021606664,0.266167909809713
8088,0.24885594818029003,0.027195168559709385,0.7239488832600006
8089,0.06999334846051207,0.013735485104579162,0.9162711664349087
8090,0.012408891459262572,0.006087429122663578,0.9815036794180738
8091,0.9623868966066262,0.008599135037583482,0.029013968355790266
8092,0.003220154393321868,0.0014933180957628464,0.9952865275109153
8093,0.8074282125347735,0.13655953747247837,0.056012249992748224
8094,0.16171280345971029,0.32761345319346885,0.5106737433468209
8095,0.3718610979724178,0.35554576734838195,0.27259313467920016
8096,0.38604788218155445,0.027446657541199664,0.5865054602772458
8097,0.1573597094028803,0.053669950764491346,0.7889703398326283
8098,0.7245044132098373,0.15220342646156773,0.12329216032859498
8099,0.6524357451124546,0.028001973845710484,0.319562281041835
8100,0.0030615086756028563,0.0012336311808005937,0.9957048601435965
8101,0.24221594709404792,0.17955987765275536,0.5782241752531966
8102,0.8324033236819716,0.0410938123144392,0.1265028640035893
8103,0.346385099310138,0.3430941389124022,0.31052076177745974
8104,0.48694899657031804,0.22640445737069165,0.2866465460589903
8105,0.0028212211733218994,0.0011536432616865155,0.9960251355649916
8106,0.9619236057275049,0.009463956798972878,0.02861243747352215
8107,0.003909560213337888,0.002232783632444332,0.9938576561542178
8108,0.9288780197797403,0.01245682207635258,0.05866515814390714
8109,0.8239181577210762,0.013748054794754602,0.16233378748416913
8110,0.9775938120793749,0.012328003458474611,0.010078184462150376
8111,0.6131198788448292,0.3171462043330264,0.06973391682214437
8112,0.5837043321760681,0.025856562787269836,0.390439105036662
8113,0.015570270335401126,0.0286847858668944,0.9557449437977045
8114,0.03785398321129354,0.02543513793903247,0.9367108788496739
8115,0.9705546520511021,0.0055676499517704784,0.023877697997127356
8116,0.7492824045152322,0.15104111577656487,0.09967647970820302
8117,0.039873403414521086,0.007858294270601963,0.9522683023148769
8118,0.34099176783025303,0.39936229019341624,0.2596459419763309
8119,0.5523473932804666,0.14952542306431837,0.29812718365521484
8120,0.9577093940127269,0.02798599827114714,0.014304607716125893
8121,0.1477705935666041,0.2636927132155166,0.5885366932178794
8122,0.9617586298091662,0.005644974046111115,0.03259639614472268
8123,0.976107653561727,0.00679407120663359,0.01709827523163934
8124,0.15112238497643266,0.06988403747710396,0.7789935775464634
8125,0.9350139519997622,0.01103867977474211,0.05394736822549565
8126,0.7369397679047633,0.061126605317723744,0.20193362677751284
8127,0.06529527248578974,0.05654918896648731,0.8781555385477229
8128,0.5337288583786092,0.1120757231603325,0.35419541846105845
8129,0.9493425305783991,0.026797892109352548,0.023859577312248383
8130,0.20410525728066917,0.014641054900364379,0.7812536878189664
8131,0.03552990124560763,0.1478898742887892,0.8165802244656032
8132,0.5946720593970952,0.292369635714469,0.11295830488843579
8133,0.8864816339305971,0.054534329346124275,0.05898403672327855
8134,0.5395551143820464,0.2745726448651684,0.18587224075278538
8135,0.003138182701762392,0.0019154688578170642,0.9949463484404206
8136,0.01971198874343666,0.001844626357997984,0.9784433848985654
8137,0.10309572305039846,0.01829342213287551,0.8786108548167261
8138,0.10299497810459245,0.024276653588116894,0.8727283683072907
8139,0.05746118479456521,0.012791577947049894,0.9297472372583848
8140,0.8667247967732886,0.031035042160521116,0.10224016106619033
8141,0.976792878456541,0.004771327658715772,0.01843579388474332
8142,0.9189090127823972,0.06680693831489161,0.014284048902711313
8143,0.3848079241458111,0.602683966990545,0.0125081088636439
8144,0.10200350388267669,0.10435029552740994,0.7936462005899133
8145,0.8252276361371649,0.007903836383629728,0.1668685274792054
8146,0.8550842088878641,0.01090087806778593,0.13401491304435006
8147,0.5414301391442342,0.013602814589321869,0.44496704626644384
8148,0.9608231374579634,0.00708414713652971,0.03209271540550688
8149,0.9259851360793729,0.017737478896204334,0.05627738502442272
8150,0.9523962326948203,0.025934193798350286,0.021669573506829312
8151,0.09172552511416963,0.0408734577922693,0.867401017093561
8152,0.9163400344879488,0.021620302119516627,0.0620396633925347
8153,0.876708226802953,0.014842543751857807,0.10844922944518927
8154,0.8923789440110891,0.04929499797499552,0.058326058013915445
8155,0.15787335663342286,0.07286119772329709,0.76926544564328
8156,0.9505733171190562,0.032043027609696864,0.01738365527124684
8157,0.8224437946858417,0.011941917656391297,0.16561428765776717
8158,0.9385272731191597,0.03903018991490995,0.02244253696593027
8159,0.21893120113958991,0.200379246320172,0.5806895525402379
8160,0.4766665419214734,0.05257763777010515,0.47075582030842145
8161,0.7823428779645187,0.0828234455632622,0.13483367647221906
8162,0.08039032274607123,0.6357756448059333,0.2838340324479954
8163,0.12735776299192877,0.22308298914161317,0.6495592478664581
8164,0.5349950538396188,0.06512146308048809,0.3998834830798931
8165,0.003390638681730356,0.0015608673914189722,0.9950484939268507
8166,0.665567272689678,0.04783242899080432,0.2866002983195178
8167,0.33089136065898606,0.10261246972245909,0.5664961696185548
8168,0.45317898719041705,0.02147902873916193,0.5253419840704211
8169,0.8719644501727616,0.011987312070205765,0.11604823775703275
8170,0.301436667366412,0.3789882857095399,0.3195750469240481
8171,0.03253512999213874,0.035410703481368315,0.9320541665264929
8172,0.02080462860570335,0.027309835586041612,0.951885535808255
8173,0.687026720370019,0.12024248012840444,0.19273079950157657
8174,0.9670912908429213,0.002914056157786348,0.02999465299929234
8175,0.9043788646272806,0.018964194387043703,0.07665694098567578
8176,0.7976743887941756,0.007919656746465028,0.1944059544593593
8177,0.10718034882662124,0.06363599802277552,0.8291836531506033
8178,0.7203370690602705,0.09662875488592078,0.18303417605380873
8179,0.3894715452147464,0.09705764006296413,0.5134708147222895
8180,0.5295460843978811,0.27502430869834255,0.19542960690377642
8181,0.09293869203355051,0.08759104554680516,0.8194702624196444
8182,0.9651539811178115,0.018063161572171332,0.016782857310017135
8183,0.4368467407218564,0.1260700227400776,0.43708323653806597
8184,0.7606595080048332,0.13589486455921054,0.10344562743595623
8185,0.9657131634679083,0.019226045736898477,0.01506079079519337
8186,0.83735731561832,0.07828364413492456,0.08435904024675533
8187,0.15737053947775964,0.023443451013809416,0.8191860095084309
8188,0.9228479613518286,0.021090386846986785,0.05606165180118479
8189,0.08193327263524562,0.20444544921152596,0.7136212781532284
8190,0.025093804745999614,0.9259641612331727,0.048942034020827606
8191,0.9795811181225188,0.004348160825713489,0.016070721051767614
8192,0.9552813297980127,0.004011336336663251,0.04070733386532414
8193,0.9652723516318273,0.002730259483937456,0.031997388884235124
8194,0.9051670678011623,0.03156111390077691,0.06327181829806089
8195,0.9486788598644788,0.005444252585447859,0.04587688755007347
8196,0.9363550470820915,0.014662554819008806,0.048982398098899614
8197,0.765936078656636,0.029435030711172417,0.20462889063219156
8198,0.28356583921563694,0.045674936106740734,0.6707592246776224
8199,0.8562611387909436,0.11437225351745692,0.029366607691599603
8200,0.9787438943545693,0.005182946383338455,0.016073159262092223
8201,0.09657422115318033,0.03174693507791889,0.8716788437689007
8202,0.3573477911020122,0.06204564441232459,0.5806065644856633
8203,0.8947921270174705,0.015070078316191119,0.09013779466633841
8204,0.08779638985655801,0.15604604526596716,0.7561575648774748
8205,0.9458266856631201,0.0032700554478616493,0.050903258889018255
8206,0.16007349172487167,0.01852696653444669,0.8213995417406816
8207,0.9720949661502205,0.006372439760887996,0.02153259408889151
8208,0.0760457010850516,0.17703910203379597,0.7469151968811525
8209,0.46870273026965065,0.0528812793782015,0.47841599035214777
8210,0.8997953249111682,0.009303385034961554,0.0909012900538701
8211,0.44509625744811293,0.1836134003446037,0.3712903422072834
8212,0.9602212609491798,0.006240240116661417,0.03353849893415877
8213,0.9408589657126771,0.02126082349287917,0.03788021079444365
8214,0.018076302810119706,0.04014490029364859,0.9417787968962317
8215,0.8760144425212615,0.0984891853471105,0.025496372131628083
8216,0.8875151873332988,0.025182268277730936,0.08730254438897032
8217,0.74443723744776,0.09677888246400587,0.1587838800882341
8218,0.004837691684114352,0.007800399230710665,0.9873619090851751
8219,0.8805782146869506,0.05070858836972246,0.06871319694332693
8220,0.8681532474418209,0.025634539246553505,0.1062122133116257
8221,0.5224902817572035,0.044597538795787955,0.4329121794470086
8222,0.20062640277645497,0.1733723511401488,0.6260012460833964
8223,0.5488129875875953,0.1545851143672972,0.29660189804510745
8224,0.7956721980477385,0.10017616445165634,0.10415163750060512
8225,0.16167997850596402,0.012361408155435448,0.8259586133386005
8226,0.0024640191104740184,0.0009838686966652233,0.9965521121928608
8227,0.9298020565979529,0.03368446920257266,0.036513474199474316
8228,0.8770275849604874,0.01041511973850117,0.11255729530101145
8229,0.12849290563490579,0.07648114830268785,0.7950259460624064
8230,0.20365836319692385,0.1524703402090626,0.6438712965940135
8231,0.5819864070166404,0.37306725949041303,0.04494633349294649
8232,0.5749876475369705,0.18363301921542896,0.2413793332476005
8233,0.00964572543100245,0.003922184118067264,0.9864320904509303
8234,0.971577693691054,0.008108158379228405,0.0203141479297177
8235,0.43913465572871724,0.12471312353892704,0.43615222073235566
8236,0.13645433428531484,0.13443126119799564,0.7291144045166895
8237,0.8015693935646302,0.034679002369313074,0.16375160406605682
8238,0.12039134095352995,0.027193608075796898,0.8524150509706732
8239,0.029512731542678597,0.39659084090771596,0.5738964275496055
8240,0.7487315521529171,0.15940316475017444,0.0918652830969084
8241,0.006507251275554399,0.006164892556501288,0.9873278561679444
8242,0.870468638221913,0.011290159844388168,0.11824120193369878
8243,0.16415013045210616,0.6260582663773119,0.20979160317058193
8244,0.9716040238301782,0.004019796932034268,0.024376179237787537
8245,0.9152744213073549,0.03200688475610984,0.052718693936535194
8246,0.43735676745956636,0.09146998502710842,0.47117324751332523
8247,0.9687633157996467,0.006690667258726281,0.024546016941627013
8248,0.9612440332667445,0.023056196768741967,0.015699769964513468
8249,0.9272466576360703,0.008802383422461599,0.06395095894146817
8250,0.9470529538937685,0.0201000948552125,0.03284695125101903
8251,0.6974711020654344,0.03318915882155899,0.2693397391130067
8252,0.6923296766232205,0.01889448024578475,0.2887758431309947
8253,0.9622933423821944,0.017129072188924944,0.020577585428880538
8254,0.769975445084883,0.029482778378236377,0.2005417765368806
8255,0.4550152442476408,0.13306669341897098,0.41191806233338835
8256,0.807698037356229,0.07565540312425237,0.1166465595195187
8257,0.7826152195486128,0.1802861048738717,0.037098675577515526
8258,0.009183885503331464,0.004806876728740716,0.9860092377679277
8259,0.026103926640126892,0.05984713549344686,0.9140489378664263
8260,0.9819420499427731,0.004603302008942066,0.013454648048284813
8261,0.8392920773912455,0.033661736891729854,0.1270461857170247
8262,0.9274822145349694,0.008002584754669485,0.06451520071036114
8263,0.6486025842832824,0.2717281043940638,0.07966931132265374
8264,0.9433466139294753,0.004301364912668686,0.05235202115785602
8265,0.6340797892973876,0.2156076005865575,0.15031261011605473
8266,0.0019033971122272876,0.0010562727351138002,0.9970403301526589
8267,0.8911482860378179,0.028737447734120476,0.08011426622806156
8268,0.9139422691578025,0.03446470878623809,0.0515930220559594
8269,0.9526275177574525,0.011203400323989417,0.036169081918558124
8270,0.4871129737111473,0.08335031722349323,0.42953670906535946
8271,0.8702244209371586,0.0852038323515559,0.044571746711285436
8272,0.9786750520520638,0.002933965625390305,0.0183909823225458
8273,0.6367741598309069,0.29125718719945015,0.07196865296964304
8274,0.6665976686002432,0.17420032220825246,0.15920200919150435
8275,0.1561979703238711,0.07967188832483037,0.7641301413512985
8276,0.27266519234760855,0.09670519414378197,0.6306296135086096
8277,0.9651509242183044,0.007252743186897898,0.027596332594797584
8278,0.8266398552734393,0.012788840757349035,0.16057130396921157
8279,0.9121349372921767,0.00434144574369081,0.08352361696413249
8280,0.017232538792414452,0.030086896681838268,0.9526805645257472
8281,0.5717308669717027,0.0936221214814747,0.33464701154682275
8282,0.9441709423001209,0.03939183592567924,0.016437221774199942
8283,0.9377809962950188,0.008808844420664392,0.0534101592843168
8284,0.9759835508015189,0.003812414384271877,0.020204034814209154
8285,0.03515635610946741,0.0061158488560727675,0.9587277950344598
8286,0.9774270391399038,0.007576555768832813,0.01499640509126335
8287,0.6534246599579305,0.024602944413462988,0.3219723956286064
8288,0.973562613152163,0.006914110011621407,0.019523276836215714
8289,0.269292928848958,0.1649299747550506,0.5657770963959915
8290,0.14964843980393724,0.05780010378799916,0.7925514564080636
8291,0.2546686217252836,0.08211714342215719,0.6632142348525591
8292,0.8287573443002111,0.041546237566182,0.12969641813360713
8293,0.881795043278146,0.0034317865794255605,0.1147731701424285
8294,0.9634266101103462,0.0055492492907890534,0.031024140598864644
8295,0.9755819713366022,0.010565803557281641,0.013852225106116261
8296,0.6861534010406876,0.1330603810431134,0.18078621791619906
8297,0.8627184902970086,0.01725879274900829,0.12002271695398306
8298,0.9433589894216318,0.04207780805678159,0.014563202521586733
8299,0.9331224921166688,0.019232144918615888,0.04764536296471537
8300,0.8478108312067059,0.07141261963584344,0.08077654915745068
8301,0.795123703357815,0.03472011057743377,0.1701561860647511
8302,0.07741747104169718,0.04025475390257827,0.8823277750557246
8303,0.9467163303922591,0.00822454877908904,0.04505912082865185
8304,0.005482772864529229,0.016617477477367023,0.9778997496581037
8305,0.899163357252024,0.014997951229578144,0.08583869151839768
8306,0.8378435268658787,0.02256113251151915,0.13959534062260215
8307,0.012314506618563838,0.004315411908057604,0.9833700814733786
8308,0.8408149079290106,0.013051137273806678,0.1461339547971828
8309,0.08193673949847687,0.08647891750801287,0.8315843429935103
8310,0.880075015109171,0.023397018371185723,0.09652796651964336
8311,0.9623719509038431,0.007497722160237676,0.030130326935919237
8312,0.9622563642980818,0.006289653220784633,0.03145398248113352
8313,0.9564461735656514,0.009780042480775018,0.03377378395357351
8314,0.9791067572839323,0.006084223821568893,0.014809018894498878
8315,0.6857601870551445,0.2283509771449552,0.08588883579990035
8316,0.9297898100718861,0.025599927545431743,0.044610262382682064
8317,0.6917366418292343,0.18928016191476021,0.11898319625600542
8318,0.6192047153783262,0.15215188558556117,0.2286433990361126
8319,0.02463530639417367,0.1205328225738344,0.854831871031992
8320,0.9474967593338163,0.014742509701731752,0.03776073096445196
8321,0.810011101286023,0.04241634762021929,0.14757255109375764
8322,0.18657297784825966,0.20050557958391482,0.6129214425678255
8323,0.002219134336257337,0.0019085704775764344,0.9958722951861663
8324,0.047086319777635964,0.026578469587294266,0.9263352106350699
8325,0.9658906801408436,0.0234488058632791,0.010660513995877295
8326,0.939747032945724,0.03315651900987501,0.027096448044400926
8327,0.9469307722268189,0.028491731554235,0.024577496218945998
8328,0.03820148258378022,0.001436789322740036,0.9603617280934797
8329,0.9660313948848912,0.011369625540598014,0.02259897957451092
8330,0.10178291850231884,0.2038903943472241,0.6943266871504571
8331,0.9393175633488514,0.016310442553578323,0.0443719940975703
8332,0.17427942025545579,0.49777923685386327,0.327941342890681
8333,0.9331336218450642,0.002826649456439885,0.06403972869849589
8334,0.8697090790512918,0.01908890354082461,0.11120201740788367
8335,0.9424685752176166,0.012933394449128208,0.044598030333255156
8336,0.1363767423427259,0.03977932393515574,0.8238439337221183
8337,0.24847915278117516,0.07352891191099019,0.6779919353078346
8338,0.9707046902875965,0.014538692510207077,0.014756617202196318
8339,0.09452537323595775,0.023304046147038127,0.8821705806170042
8340,0.9636837012719656,0.010116495973990385,0.026199802754044075
8341,0.9258770724005694,0.02952464095623411,0.04459828664319642
8342,0.9416417975642074,0.04618617260157758,0.012172029834215038
8343,0.755992585445598,0.012098225372140184,0.23190918918226167
8344,0.04961020945268411,0.07057999309604583,0.8798097974512701
8345,0.9768318819090177,0.006654893639050381,0.016513224451931884
8346,0.6828238430458416,0.0025495460638183436,0.31462661089034
8347,0.36835641279293835,0.2218871117364667,0.409756475470595
8348,0.14127090046665572,0.2098636208622096,0.6488654786711346
8349,0.956402123574558,0.008710675464561711,0.03488720096088032
8350,0.7186361758658926,0.019996423629725955,0.2613674005043815
8351,0.6633356595022801,0.020508304112489485,0.3161560363852304
8352,0.8446626091614576,0.015451528412073276,0.1398858624264692
8353,0.07249939412738962,0.011538795588073261,0.9159618102845372
8354,0.024978872950616432,0.05388546485548428,0.9211356621938993
8355,0.973851582415301,0.006863848415107395,0.019284569169591585
8356,0.6780571396437466,0.052784373213930695,0.2691584871423227
8357,0.04241350265595413,0.028308373278895883,0.92927812406515
8358,0.010396274622318437,0.10048082969749901,0.8891228956801825
8359,0.978581767518189,0.004812262629642493,0.01660596985216843
8360,0.9428626868825405,0.011933788665590655,0.04520352445186882
8361,0.3009495063301156,0.022652106110518662,0.6763983875593659
8362,0.7878749208677444,0.03827671820693561,0.17384836092532005
8363,0.5131017752778329,0.019297658240948517,0.46760056648121845
8364,0.8769743186513689,0.08673745068311291,0.036288230665518256
8365,0.7766519517425382,0.019401976144105344,0.2039460721133564
8366,0.3220051466092728,0.03994822239616989,0.6380466309945573
8367,0.6433061505362717,0.07033842979757672,0.2863554196661515
8368,0.8431113998243558,0.06007139471097211,0.09681720546467215
8369,0.7004002974864392,0.045182816443568384,0.2544168860699924
8370,0.921409605956456,0.013145458663087604,0.06544493538045625
8371,0.4673617109719201,0.06363882281596052,0.46899946621211946
8372,0.00533635768194125,0.0018900379576813858,0.9927736043603773
8373,0.029442303151375592,0.0791841855653181,0.8913735112833062
8374,0.0930684373940948,0.05827240911456673,0.8486591534913385
8375,0.9741277851205368,0.011660997746104523,0.014211217133358593
8376,0.10716961758770191,0.023722051175632444,0.8691083312366658
8377,0.6828941106520419,0.18555119403385079,0.13155469531410735
8378,0.8506027011580256,0.1062806407875635,0.04311665805441087
8379,0.9573656286884963,0.011752262877681224,0.03088210843382258
8380,0.6439486074733475,0.015112851278570318,0.34093854124808215
8381,0.9702140852807236,0.011747317331660664,0.01803859738761563
8382,0.6980967751139096,0.006129094265631903,0.29577413062045854
8383,0.9782799033816638,0.007095719275563694,0.014624377342772435
8384,0.9709937620445239,0.00893139334486291,0.020074844610613252
8385,0.03854912469092682,0.47043180011521774,0.49101907519385557
8386,0.3793690733751948,0.12771727062545304,0.4929136559993522
8387,0.9817035268342902,0.005723176999861904,0.012573296165847916
8388,0.3818332741816103,0.029913175162205867,0.5882535506561839
8389,0.5911658950284544,0.06997565542757843,0.33885844954396716
8390,0.059373621458425355,0.1043445368102981,0.8362818417312765
8391,0.6190614634675786,0.029152595074355508,0.35178594145806574
8392,0.8688065840088601,0.0640850838144371,0.06710833217670263
8393,0.9084697191104826,0.025637488607731757,0.06589279228178568
8394,0.6723971751404683,0.10050791163558044,0.22709491322395128
8395,0.12593206938752582,0.09126964550940064,0.7827982851030736
8396,0.8496785209539257,0.08601713507252864,0.06430434397354569
8397,0.9744650396903436,0.009905011701670156,0.015629948607986242
8398,0.9660893413921765,0.0145605094724273,0.019350149135396143
8399,0.9324244881841198,0.03548684291568887,0.0320886689001913
8400,0.02373452059307659,0.030316727834632833,0.9459487515722906
8401,0.16717359988763625,0.6622811069247178,0.1705452931876461
8402,0.06837732583413329,0.39531574616828735,0.5363069279975794
8403,0.047701640509141094,0.13949066953242084,0.8128076899584382
8404,0.9047544220536233,0.006662250382075408,0.08858332756430128
8405,0.07367593541355807,0.0422409526893136,0.8840831118971283
8406,0.910019736366001,0.013587717299573707,0.07639254633442538
8407,0.9518470962318873,0.008452722275233257,0.03970018149287951
8408,0.9114719755477126,0.019760014639049438,0.06876800981323783
8409,0.03030417984207188,0.005118332703737036,0.9645774874541911
8410,0.25035647391097504,0.5536513150564645,0.19599221103256048
8411,0.856192024982474,0.05055382607258,0.09325414894494588
8412,0.05210162777357153,0.04932223637252525,0.8985761358539032
8413,0.009686269249856778,0.0150354587718476,0.9752782719782955
8414,0.9633437594742132,0.010174213599342681,0.026482026926444035
8415,0.932013806595144,0.023730128873362052,0.04425606453149398
8416,0.9297624168830384,0.0123798397301184,0.057857743386843165
8417,0.24260734710193918,0.024953222145794044,0.7324394307522668
8418,0.8984204856186486,0.021194646536746155,0.08038486784460518
8419,0.03617982054230364,0.08209521675843925,0.881724962699257
8420,0.7390771300443918,0.02303813336454033,0.237884736591068
8421,0.05270425814841396,0.2283033741536293,0.7189923676979567
8422,0.9515631634101414,0.017920805483845934,0.03051603110601263
8423,0.7960484770980842,0.06149935025978967,0.1424521726421261
8424,0.6531666113441927,0.19012959640865376,0.15670379224715358
8425,0.8668209659263725,0.04642472736781673,0.0867543067058109
8426,0.05485382164611863,0.1692699470869075,0.7758762312669738
8427,0.38866445932689503,0.2570720450233805,0.3542634956497245
8428,0.9748195354920629,0.0058649532162426505,0.019315511291694374
8429,0.9751092066436907,0.00766078012106064,0.017230013235248667
8430,0.7556905539496768,0.17913237399213097,0.06517707205819218
8431,0.0642526251408445,0.02023356731034036,0.9155138075488152
8432,0.4236540518796428,0.19669935548027256,0.3796465926400846
8433,0.8447616442592842,0.053202479973952846,0.10203587576676287
8434,0.034754654048146275,0.04902038624124926,0.9162249597106045
8435,0.9056488284671842,0.008217879656320556,0.08613329187649527
8436,0.7913305607101275,0.09432269677811136,0.11434674251176108
8437,0.01430665709227908,0.02891368524294743,0.9567796576647735
8438,0.9607540804063465,0.01724394900083843,0.02200197059281518
8439,0.5852283062192949,0.17393345412378713,0.24083823965691803
8440,0.7207779624471635,0.17044942763266457,0.10877260992017185
8441,0.5087194273869756,0.0331674988173948,0.45811307379562954
8442,0.8515881107962044,0.08148134099704746,0.06693054820674801
8443,0.9197316183589266,0.0229389230710316,0.05732945857004184
8444,0.7058098223134092,0.211327820582712,0.08286235710387876
8445,0.9715967741473032,0.015085324657217571,0.013317901195479162
8446,0.839720028577496,0.012337675571352374,0.14794229585115154
8447,0.02852051468432992,0.29719723477874144,0.6742822505369286
8448,0.9646588143778523,0.0038506520629617755,0.03149053355918599
8449,0.3336411215703654,0.35701252608021344,0.309346352349421
8450,0.4868707465448811,0.1126533638166671,0.4004758896384518
8451,0.9149549084151332,0.020260691474044443,0.06478440011082236
8452,0.9788600320239201,0.004909904801726142,0.01623006317435374
8453,0.7675567782194331,0.05101842496450383,0.18142479681606302
8454,0.29456328503238055,0.12992742521150985,0.5755092897561097
8455,0.153740895461072,0.06442964804737822,0.7818294564915499
8456,0.6054628580414981,0.02004573697804635,0.37449140498045547
8457,0.9454286355394802,0.006198890539315102,0.048372473921204716
8458,0.42875952479911195,0.3512014398838262,0.22003903531706187
8459,0.9549349346775181,0.013486488370726362,0.03157857695175544
8460,0.9456397024889366,0.007840252605575799,0.04652004490548768
8461,0.05132756882037662,0.13513533072872805,0.8135371004508952
8462,0.9272517844366142,0.04954731134023996,0.02320090422314602
8463,0.4465903082963534,0.022686577714673997,0.5307231139889727
8464,0.8795289361528765,0.07882493612301696,0.041646127724106585
8465,0.18987827814499253,0.025027290725838616,0.7850944311291689
8466,0.8945650713629624,0.03972765479732431,0.06570727383971331
8467,0.9442179123769118,0.02490007041062616,0.03088201721246215
8468,0.20120379728348842,0.06304604636969173,0.7357501563468198
8469,0.053795769814685826,0.18894268539892642,0.7572615447863876
8470,0.8137211953299601,0.0282888627770552,0.15798994189298476
8471,0.9568715108656513,0.010604007923290656,0.03252448121105819
8472,0.8893222330504852,0.0568918457140955,0.05378592123541929
8473,0.9282076207333265,0.05355733625346537,0.018235043013208118
8474,0.6695394644740881,0.08097256364074472,0.24948797188516722
8475,0.12318853623880574,0.12159509121639321,0.755216372544801
8476,0.9664638146283141,0.008646779775030002,0.024889405596655853
8477,0.37854494119951354,0.3609561978418327,0.2604988609586537
8478,0.9000188958902101,0.026394959771227335,0.07358614433856261
8479,0.9369069118224264,0.007698985431752793,0.055394102745820885
8480,0.9412222261965713,0.014261838680685743,0.04451593512274302
8481,0.9768614191716897,0.012017836407761596,0.011120744420548764
8482,0.2827183902929433,0.06251221677976886,0.6547693929272878
8483,0.07090788684052643,0.053623294569772106,0.8754688185897015
8484,0.8453896281374332,0.022918766370610397,0.13169160549195638
8485,0.9616717277344319,0.021322079986632984,0.017006192278935267
8486,0.018317026046151593,0.007516676260779681,0.9741662976930687
8487,0.7243471220825478,0.05003018288526284,0.22562269503218932
8488,0.9572684208879857,0.008818659549025215,0.033912919562989204
8489,0.7121202640116024,0.02992182703798527,0.2579579089504124
8490,0.042812684448866815,0.04639736715200599,0.9107899483991272
8491,0.07504284753352489,0.0242725426947469,0.9006846097717282
8492,0.8158083347391438,0.10283362466938152,0.0813580405914746
8493,0.8548543193913977,0.0026103173608802537,0.14253536324772198
8494,0.7962544222129967,0.03409049765851821,0.16965508012848504
8495,0.836784303632009,0.06317946192100397,0.10003623444698709
8496,0.9610951768862674,0.01485832809829111,0.02404649501544154
8497,0.9759682179671076,0.0035627938682934192,0.020468988164598828
8498,0.026179229766700104,0.006766098870141293,0.9670546713631586
8499,0.939412449900184,0.007767891982192047,0.05281965811762398
8500,0.7230415658067529,0.1455132417761725,0.1314451924170746
8501,0.7129363079538712,0.0197313692923552,0.26733232275377355
8502,0.03530934560686547,0.0021952980778266206,0.9624953563153079
8503,0.792311155902723,0.10030116042759502,0.10738768366968182
8504,0.02081256252422661,0.02468788985809364,0.9544995476176799
8505,0.9524779827547427,0.011264048530484667,0.03625796871477263
8506,0.9805267519881762,0.006227362156886667,0.013245885854937026
8507,0.7724636687003128,0.013141976339222896,0.21439435496046433
8508,0.8914471042612141,0.021521669589961174,0.08703122614882478
8509,0.9562135609685398,0.012324731889873649,0.031461707141586415
8510,0.7994998905888957,0.06663654667215602,0.13386356273894826
8511,0.7989079973904413,0.07598325623687592,0.12510874637268282
8512,0.020070879388893383,0.004256660291607138,0.9756724603194995
8513,0.4947178105636411,0.12440936306282968,0.3808728263735292
8514,0.04427146928439993,0.06843936082551097,0.8872891698900891
8515,0.8249181584796933,0.023450039237075,0.15163180228323173
8516,0.016945715826812983,0.012139601412455138,0.970914682760732
8517,0.5391651884646284,0.06505569957733219,0.39577911195803944
8518,0.2987597120837036,0.27626889624290835,0.4249713916733881
8519,0.3648713615653095,0.05860965344738921,0.5765189849873014
8520,0.9542151301401534,0.03007689070805895,0.01570797915178771
8521,0.9681306984751289,0.0028923996980253883,0.02897690182684568
8522,0.5927420414449004,0.29560745654247755,0.11165050201262207
8523,0.03887698584715873,0.014398913264838668,0.9467241008880026
8524,0.7685098917421569,0.17982786355494154,0.0516622447029016
8525,0.6299025748463595,0.05065041184821905,0.3194470133054214
