id,Status_C,Status_CL,Status_D
0,0.36123706453564874,0.020506151258491763,0.6182567842058594
1,0.6848169966802989,0.24342285938348196,0.07176014393621902
2,0.07180134377820743,0.04819272746609638,0.8800059287556962
3,0.9578092731505355,0.009264393326499957,0.032926333522964486
4,0.7233665200495796,0.13108263146227536,0.1455508484881451
5,0.9780642167496639,0.008089871979525383,0.013845911270810732
6,0.972716947953123,0.011879897565912208,0.015403154480964888
7,0.12596555086089303,0.054452026900859166,0.8195824222382478
8,0.005083039999527135,0.003621529551052674,0.9912954304494203
9,0.6753634353163914,0.003980282371849597,0.320656282311759
10,0.6634303618278016,0.12403152781659657,0.21253811035560183
11,0.4952978963044426,0.0337584577217179,0.47094364597383953
12,0.32350285631062414,0.5171362549482217,0.15936088874115414
13,0.9436183831936067,0.005126687256494131,0.05125492954989917
14,0.5023920626873055,0.3603081207778077,0.13729981653488674
15,0.947326882252604,0.0089514265785431,0.04372169116885289
16,0.9344488863590037,0.00882845673805518,0.056722656902941135
17,0.04758349473230734,0.06836669685291005,0.8840498084147826
18,0.9045210311683998,0.004236743035546814,0.09124222579605341
19,0.3910574664391438,0.48362482748311836,0.12531770607773768
20,0.0021569008252238743,0.0013053294617411566,0.9965377697130349
21,0.7453680318893039,0.07533980639801928,0.17929216171267676
22,0.7101084827963791,0.22943357765377212,0.060457939549848794
23,0.008441062187808646,0.010731986634208957,0.9808269511779825
24,0.8115099883943273,0.10151020494567967,0.08697980665999293
25,0.12187715864030572,0.2698470760144831,0.6082757653452111
26,0.9511634644228216,0.0030673204808666643,0.0457692150963117
27,0.047045116290253444,0.08492014712331356,0.868034736586433
28,0.2706712660771743,0.08633493732893036,0.6429937965938954
29,0.9730264543396369,0.005478709812424391,0.021494835847938612
30,0.9560389042196062,0.010886171419813455,0.03307492436058025
31,0.8664453083715122,0.05951467317781589,0.07404001845067178
32,0.09064102371247826,0.03675745972291078,0.8726015165646109
33,0.9547065310095441,0.008366445549886786,0.036927023440569064
34,0.09663606975520485,0.02982786492587457,0.8735360653189206
35,0.6420190154151207,0.1326021514985725,0.22537883308630677
36,0.13745974152380686,0.3021537063751051,0.5603865521010881
37,0.9412949671787869,0.015056186093322287,0.04364884672789081
38,0.03917040002540597,0.04069364202141105,0.9201359579531829
39,0.9744190142130563,0.004077474293919494,0.02150351149302419
40,0.9692562555085674,0.004587515509370242,0.02615622898206233
41,0.8489585561968903,0.01861986671061727,0.13242157709249236
42,0.9254281824017558,0.005443825416301446,0.0691279921819427
43,0.08808504358426694,0.04639650069082961,0.8655184557249034
44,0.034821222527662114,0.2982998083278737,0.6668789691444643
45,0.9232305435122076,0.01034299401658251,0.06642646247120995
46,0.264936614123025,0.35897413984184107,0.37608924603513383
47,0.13294122386814128,0.10125120474024529,0.7658075713916135
48,0.0026696537238954017,0.0012505487800662963,0.9960797974960383
49,0.880407793536034,0.04437982501123822,0.07521238145272777
50,0.15479718097422152,0.02841896151017496,0.8167838575156036
51,0.03019882645887582,0.05685464839291415,0.91294652514821
52,0.948972975416123,0.01127295690400737,0.03975406767986953
53,0.0028624916134293746,0.002459891843337331,0.9946776165432333
54,0.34436971411172007,0.1214591894535782,0.5341710964347017
55,0.08374380095440281,0.14835630989060122,0.7678998891549959
56,0.918992179721179,0.01571429082651335,0.06529352945230771
57,0.25112219470594577,0.01826762606462752,0.7306101792294267
58,0.05691926750241703,0.10264800072472177,0.8404327317728612
59,0.0024402232417606545,0.002019225668498725,0.9955405510897406
60,0.9600298662069283,0.00541911500518309,0.03455101878788859
61,0.556294557190324,0.10452667168658154,0.3391787711230945
62,0.4013753409770227,0.1333089889504535,0.4653156700725238
63,0.9625883987493495,0.00656057849526657,0.030851022755383855
64,0.33855703979318325,0.0944995400620873,0.5669434201447294
65,0.9241959994555298,0.004597436188166566,0.07120656435630378
66,0.9730221946616199,0.00314008378156581,0.023837721556814222
67,0.5783679507499604,0.1229194048517623,0.2987126443982774
68,0.938299048836044,0.009399576840049157,0.05230137432390686
69,0.06350797524028796,0.3075718325209408,0.6289201922387712
70,0.9557059832199807,0.007584699485633691,0.03670931729438564
71,0.9109389433797822,0.0008474077788613859,0.08821364884135639
72,0.9664911648552228,0.010152464976678764,0.023356370168098425
73,0.0029334341824335977,0.002228213013968226,0.9948383528035981
74,0.701325795520691,0.05256613453346062,0.2461080699458484
75,0.8740621146352231,0.005449778340335407,0.12048810702444147
76,0.8263948645720202,0.07365321033131163,0.0999519250966681
77,0.8440959399453509,0.06652581357528516,0.08937824647936397
78,0.9304827341382248,0.025044498871758858,0.04447276699001635
79,0.12509729166070907,0.17348066861005537,0.7014220397292354
80,0.4827884282238444,0.12580186868389653,0.3914097030922592
81,0.09920623423546901,0.027108198418404384,0.8736855673461266
82,0.6755571160105954,0.021806239715171025,0.3026366442742336
83,0.6185074218603108,0.23459688429967623,0.14689569384001291
84,0.8813684663526048,0.02578942068375489,0.09284211296364021
85,0.3802877735831188,0.04150259899425602,0.5782096274226252
86,0.042186433865733425,0.0539669533839415,0.9038466127503251
87,0.9749862813945903,0.005265571730299666,0.019748146875109993
88,0.7703915424232619,0.0668026967597558,0.16280576081698236
89,0.9254391669018599,0.013574576626553675,0.060986256471586356
90,0.8513164023401587,0.022903711040179024,0.1257798866196623
91,0.061327314424241657,0.07852532239337251,0.8601473631823859
92,0.9060697295331445,0.01726812099687615,0.07666214946997936
93,0.002508903523728955,0.0014231384106606353,0.9960679580656105
94,0.0020117550649234994,0.0011919989025977705,0.9967962460324788
95,0.8109537454877586,0.09343509559097644,0.09561115892126508
96,0.8923421283075496,0.015572102110367459,0.09208576958208296
97,0.3721180493030022,0.29180858640369395,0.33607336429330387
98,0.5759837429024113,0.35654352955351654,0.06747272754407223
99,0.21156512000563787,0.02680260214948521,0.761632277844877
100,0.792117481164288,0.05153082382014641,0.15635169501556556
101,0.7689028696329671,0.06275268656144924,0.16834444380558367
102,0.9189445344169945,0.021080980517707713,0.05997448506529784
103,0.950472026744597,0.02765455922886239,0.021873414026540652
104,0.7696290866771596,0.05814869068332564,0.17222222263951467
105,0.7315635479249425,0.17442459000160368,0.09401186207345372
106,0.7422630931592624,0.018666548616886644,0.23907035822385092
107,0.7076252848369969,0.015355173783095725,0.27701954137990725
108,0.10478709467377932,0.09298336093610428,0.8022295443901165
109,0.8866245352265408,0.060604775803531755,0.05277068896992735
110,0.9686332768091387,0.003980927189636074,0.027385796001225312
111,0.9543687674442428,0.027207553282207936,0.018423679273549258
112,0.536921677118221,0.01653443726478575,0.44654388561699315
113,0.6799314348059371,0.13552947429028575,0.1845390909037772
114,0.9745610709215842,0.009073730955834846,0.016365198122580832
115,0.6251367852830553,0.031397089403671155,0.3434661253132736
116,0.11018699892791196,0.03143500225573186,0.8583779988163562
117,0.016908170960566668,0.006802719089340613,0.9762891099500928
118,0.5276962130475702,0.2472701054021784,0.22503368155025139
119,0.8697909400029561,0.006387128938643432,0.12382193105840043
120,0.07621094515810914,0.0131890527633917,0.9106000020784991
121,0.9729720245342893,0.005724782984579041,0.021303192481131435
122,0.9742498290899483,0.008099497174030511,0.017650673736021107
123,0.01494200601925469,0.007463648063657753,0.9775943459170876
124,0.0492474590281097,0.10035055913487576,0.8504019818370145
125,0.9808834088259776,0.005384466569103499,0.013732124604918912
126,0.7707299903028481,0.19434975341203767,0.03492025628511429
127,0.959024653611601,0.00609212085482521,0.03488322553357374
128,0.03199119084181442,0.017624907526698427,0.9503839016314872
129,0.6156230176036017,0.08112925744910421,0.3032477249472941
130,0.9407497228866275,0.02653248699662008,0.03271779011675243
131,0.16170178544749744,0.832603259443922,0.005694955108580595
132,0.5853862629923077,0.05896782986317547,0.3556459071445168
133,0.892581856579307,0.020414075003055657,0.08700406841763737
134,0.03443663974512183,0.05366257457183455,0.9119007856830436
135,0.2944579133760633,0.25416711541272796,0.4513749712112087
136,0.20011983973397157,0.05147657032584125,0.7484035899401872
137,0.00662937505102548,0.010473921469298693,0.9828967034796758
138,0.9515153374346205,0.02212275607007814,0.0263619064953013
139,0.01008392857565652,0.0014253698728422502,0.9884907015515012
140,0.12275796597641815,0.296688926100688,0.5805531079228938
141,0.9246960239615547,0.003853785334056549,0.07145019070438885
142,0.9545023530332308,0.00922006648786046,0.03627758047890856
143,0.9072846694592828,0.019590727787350826,0.07312460275336648
144,0.4155463994653943,0.3327923492500976,0.25166125128450817
145,0.500457013206743,0.029683965981574644,0.4698590208116824
146,0.02805579941032903,0.005103669333941781,0.9668405312557292
147,0.9456894613223129,0.038878519375400086,0.015432019302287043
148,0.018561277699139032,0.040209320973317406,0.9412294013275436
149,0.6809190119368032,0.06070552417965999,0.2583754638835369
150,0.1911885742828748,0.23541428218186602,0.5733971435352592
151,0.6774963243548515,0.24473674278827323,0.07776693285687526
152,0.9575864518005918,0.0033637414846227646,0.0390498067147856
153,0.8458152557895717,0.06718547504981198,0.08699926916061625
154,0.7442572125844319,0.029735650425419306,0.22600713699014874
155,0.050590812606027616,0.34903365291291927,0.6003755344810531
156,0.10009531507585137,0.1511807585241877,0.748723926399961
157,0.09000624405061185,0.06693133786736984,0.8430624180820182
158,0.8871795681406536,0.05460812229023149,0.05821230956911494
159,0.014753336535384829,0.0978316336433985,0.8874150298212168
160,0.867436611745649,0.029481033321527416,0.10308235493282364
161,0.9591805417011972,0.00698408309567281,0.033835375203130014
162,0.12194925894388187,0.011981027724062787,0.8660697133320553
163,0.713957241689598,0.08524651422735864,0.2007962440830434
164,0.9094037381228638,0.029607469177086773,0.06098879270004951
165,0.9704224067521923,0.004943522625168171,0.024634070622639528
166,0.9629288401722647,0.00486886992270974,0.032202289905025695
167,0.9442526070290604,0.010297848297862056,0.04544954467307754
168,0.9751625298093789,0.0059503969875877045,0.018887073203033424
169,0.694463625982011,0.026450921467417107,0.27908545255057204
170,0.8844373280915286,0.07051073305165069,0.04505193885682067
171,0.9603462676101231,0.005253098693339562,0.03440063369653738
172,0.00544703681994182,0.00879979920986028,0.9857531639701977
173,0.13780096356360153,0.049923353165261995,0.8122756832711365
174,0.9598912510824227,0.009114982857688391,0.030993766059888843
175,0.9166609964924415,0.05954043940797249,0.023798564099585886
176,0.9724538349647931,0.005802555190905919,0.021743609844300998
177,0.7514159517352468,0.05018210181254318,0.19840194645221004
178,0.3710727966028076,0.032342490829133035,0.5965847125680593
179,0.0038637966986304496,0.002515917104009984,0.9936202861973596
180,0.93852966893483,0.021070786742063478,0.04039954432310639
181,0.0031809720331731307,0.001204154711797852,0.995614873255029
182,0.6454982865521592,0.0803044671407543,0.2741972463070864
183,0.31401148034096077,0.024357894197157715,0.6616306254618813
184,0.07059547860150661,0.020715724768871433,0.9086887966296219
185,0.01191465345723607,0.005858940007778149,0.9822264065349857
186,0.9622429519396841,0.010209338963394777,0.027547709096921134
187,0.002130517906631477,0.0012485766962234536,0.9966209053971451
188,0.8033364909064774,0.13931056427271246,0.05735294482081011
189,0.13200799423776932,0.32116722714908746,0.5468247786131433
190,0.43890530594497973,0.27967221936744247,0.2814224746875777
191,0.358350417559188,0.023786619847265555,0.6178629625935464
192,0.18371944285871333,0.04507466453269173,0.771205892608595
193,0.708483305586651,0.16489932665071716,0.1266173677626319
194,0.655154011588673,0.032464613750732584,0.31238137466059435
195,0.002975085318485604,0.001348980758196343,0.995675933923318
196,0.22459077693775534,0.19829654969226437,0.5771126733699803
197,0.8305327977291762,0.03747166321383689,0.13199553905698694
198,0.22872086345709303,0.3541508380467657,0.4171282984961412
199,0.4989123852399219,0.23943826663378634,0.26164934812629176
200,0.0026657465692742507,0.0013048304785219244,0.9960294229522038
201,0.9593790576577963,0.008270944115974286,0.032349998226229214
202,0.0028481466544992224,0.0017672123165868826,0.9953846410289139
203,0.9198411517240909,0.013449372907767236,0.06670947536814187
204,0.7731589964602771,0.01699071664835082,0.2098502868913721
205,0.9783471659436931,0.012460598238606065,0.009192235817700867
206,0.6696846560735262,0.27577673181348017,0.054538612112993635
207,0.5736363838252678,0.021389894444325624,0.4049737217304066
208,0.012688354738829637,0.028214840426453384,0.9590968048347169
209,0.027354215109152084,0.027546118094851847,0.945099666795996
210,0.9782975886342152,0.003502709132786506,0.01819970223299829
211,0.7610738804106939,0.1471907196869624,0.09173539990234364
212,0.040678013026478645,0.010066313905176484,0.9492556730683449
213,0.30803540274634217,0.3904553747766494,0.3015092224770085
214,0.5955661817651606,0.14616653504886387,0.2582672831859755
215,0.9534596924076597,0.030969039128050695,0.015571268464289512
216,0.17104303016938127,0.29433704969688546,0.5346199201337334
217,0.9618077689369648,0.007733971938874317,0.030458259124160874
218,0.9773029542526296,0.006455469141325144,0.01624157660604519
219,0.21141553355708378,0.052763993238125605,0.7358204732047906
220,0.9253004870672658,0.008571896003038544,0.06612761692969575
221,0.7323535607907543,0.05479332314111091,0.21285311606813476
222,0.06650427943491738,0.06444507787439226,0.8690506426906903
223,0.6035691793951931,0.11002021236967563,0.28641060823513126
224,0.9542609970312167,0.018519078957047165,0.027219924011736164
225,0.22657622094992746,0.013417628140658116,0.7600061509094144
226,0.028797612447658223,0.1260356292707635,0.8451667582815783
227,0.6058384283433174,0.28305727422748655,0.11110429742919606
228,0.8977233960859484,0.04788615888901238,0.054390445025039216
229,0.5105592284805492,0.3398287863408437,0.1496119851786071
230,0.0026528097448558067,0.0013517058392806703,0.9959954844158635
231,0.02148054827402627,0.0005903544918341249,0.9779290972341396
232,0.11028214355753511,0.02687326297230004,0.862844593470165
233,0.1452120740967816,0.01832955607644534,0.836458369826773
234,0.061423018960731095,0.009092049981500037,0.929484931057769
235,0.8621480194327037,0.027141856805844577,0.11071012376145169
236,0.9769758465839853,0.005463017493900687,0.01756113592211408
237,0.9304237442432072,0.05714516929067953,0.012431086466113399
238,0.3864711363796027,0.6017918581360013,0.011737005484395815
239,0.08760306463088495,0.10435227644887902,0.8080446589202361
240,0.8273028077235458,0.007729735806632191,0.16496745646982194
241,0.8566521680469396,0.011239047302538822,0.13210878465052156
242,0.4346526118556475,0.011222622029907361,0.554124766114445
243,0.9646319019287078,0.007808866974331605,0.027559231096960537
244,0.9373875278517916,0.009842579085904518,0.05276989306230383
245,0.9528108501304388,0.024612709389276496,0.022576440480284798
246,0.08902419730221935,0.025181305864287313,0.8857944968334933
247,0.9089302044244743,0.020264244703746576,0.07080555087177912
248,0.8572087863681064,0.01681201454093174,0.12597919909096184
249,0.8986608938799507,0.03801965614349512,0.06331944997655425
250,0.1160330699293017,0.09420284877688882,0.7897640812938095
251,0.9517999329099356,0.031571173483532285,0.016628893606532046
252,0.8518663265613955,0.013680924726503679,0.13445274871210083
253,0.9333644412337078,0.04373635830455424,0.02289920046173803
254,0.25716945128043167,0.24561150466389742,0.4972190440556708
255,0.5213924387470402,0.03962745558443713,0.4389801056685226
256,0.8615026434908392,0.08798276173976644,0.050514594769394426
257,0.06971603273077272,0.5657168814445106,0.36456708582471664
258,0.12143965765583105,0.24257628458814198,0.635984057756027
259,0.5676272688937992,0.08209722041199244,0.3502755106942084
260,0.003501833624155786,0.001653931855109738,0.9948442345207344
261,0.6673720180050197,0.04216663175149557,0.29046135024348474
262,0.2624031591169712,0.11178077819766007,0.6258160626853687
263,0.4915047641616485,0.0208211591743274,0.48767407666402407
264,0.8576754542677028,0.01304285394836337,0.12928169178393403
265,0.33496082558055545,0.3757373195635771,0.2893018548558675
266,0.030427488418225117,0.03554718744520021,0.9340253241365747
267,0.021915017008274983,0.024673611003601017,0.953411371988124
268,0.7031506869854063,0.13117933417244437,0.16566997884214948
269,0.9641992594422923,0.0029460865195982686,0.03285465403810947
270,0.9056284541774999,0.020986061826020273,0.07338548399647984
271,0.7728087521403995,0.007145986160594014,0.22004526169900654
272,0.10982666199474253,0.046754068295860624,0.8434192697093968
273,0.7397964029772123,0.09901995027299546,0.16118364674979224
274,0.4431517853482034,0.1169656882892733,0.43988252636252334
275,0.5239534719238154,0.2866849084097932,0.18936161966639142
276,0.1085926427774874,0.07820454182916489,0.8132028153933477
277,0.9576434922759857,0.025438292925405427,0.01691821479860895
278,0.42543608159273966,0.1292663363346996,0.44529758207256054
279,0.7447760295180519,0.1588655674156473,0.09635840306630089
280,0.9634129995519017,0.023061835879672588,0.013525164568425662
281,0.8608051485361654,0.0551090970946237,0.08408575436921092
282,0.14089239484824995,0.029814982749364165,0.829292622402386
283,0.9164983492822957,0.022569799180641215,0.06093185153706319
284,0.0650465627447806,0.1811235548218166,0.7538298824334028
285,0.024772352470159457,0.9257742602043113,0.049453387325529216
286,0.9787142714719368,0.004137567462198021,0.017148161065865124
287,0.9683970600122105,0.003498905259108337,0.02810403472868103
288,0.970711055050119,0.0028634363727207384,0.0264255085771602
289,0.9174411971039066,0.026936108147331685,0.05562269474876176
290,0.9512240120363546,0.005435972444874677,0.04334001551877059
291,0.9418498080620461,0.01491338430172724,0.04323680763622654
292,0.7843765978693444,0.027085840717511703,0.18853756141314387
293,0.38491948996851816,0.045640013898938785,0.569440496132543
294,0.8648202632667973,0.10995233153580516,0.0252274051973976
295,0.9791317320070629,0.005718155080836456,0.015150112912100647
296,0.0819793240107947,0.03215670086655809,0.8858639751226471
297,0.47360262125818786,0.07060349040160643,0.45579388834020573
298,0.8939241640923062,0.01696309170449525,0.08911274420319858
299,0.0795959190623963,0.14951699268470928,0.7708870882528944
300,0.9496665609996915,0.004030084544603801,0.046303354455704715
301,0.14014482165934516,0.013478304793915374,0.8463768735467394
302,0.9729389476274377,0.005730967714329475,0.02133008465823272
303,0.0711482024624118,0.19376502611751845,0.7350867714200698
304,0.359787010347301,0.05610928952624751,0.5841037001264515
305,0.9068274163205358,0.007088110854006154,0.08608447282545807
306,0.4381080961325604,0.19900169888235084,0.36289020498508884
307,0.9641208586104338,0.0065185591770706795,0.029360582212495462
308,0.9474066358883715,0.019084421877634154,0.033508942233994345
309,0.020430535753501552,0.0528702642564927,0.9266991999900057
310,0.8800547646425585,0.09247520746946936,0.027470027887972072
311,0.8905027632464039,0.022632072527600203,0.08686516422599593
312,0.8083805697515145,0.07869522869283928,0.11292420155564618
313,0.003771258128539102,0.009516189814612436,0.9867125520568485
314,0.8765595108297302,0.05072988009041508,0.07271060907985478
315,0.8825039397655552,0.02543540709377306,0.09206065314067176
316,0.5383658896501737,0.047907169704436474,0.4137269406453898
317,0.15562858798938015,0.19787673247233603,0.646494679538284
318,0.5801919646885861,0.15755033353414763,0.2622577017772661
319,0.7918297626191441,0.09630566513894923,0.11186457224190667
320,0.1420663413556794,0.015602283827083868,0.8423313748172367
321,0.0029062168317110833,0.000804506736772481,0.9962892764315164
322,0.9129452095592796,0.035200800147143656,0.05185399029357677
323,0.8635757962578134,0.009592401195620135,0.12683180254656656
324,0.13464203461101645,0.07656015753671248,0.7887978078522709
325,0.3390981909686638,0.1623117963436618,0.4985900126876745
326,0.5651550790695719,0.38763929812927805,0.04720562280115004
327,0.5489972088023627,0.18427466536069323,0.2667281258369441
328,0.005787233396252933,0.001546884761275371,0.9926658818424716
329,0.9721817683671495,0.006761615695709678,0.02105661593714074
330,0.4965444968616076,0.0962146522827354,0.4072408508556571
331,0.09477144030601958,0.12629491911968244,0.778933640574298
332,0.810976717065879,0.027221891546774634,0.16180139138734617
333,0.12093223405437717,0.019559725811727498,0.8595080401338953
334,0.0317879452361432,0.37851819157656524,0.5896938631872917
335,0.7305149365780778,0.1765584019693564,0.09292666145256573
336,0.0031209396815840393,0.003868773702553463,0.9930102866158624
337,0.869693473605494,0.011792532335589646,0.11851399405891634
338,0.19400399034613106,0.6159993907454783,0.18999661890839079
339,0.9727044849020665,0.004601127742557418,0.022694387355376076
340,0.9159868010786769,0.02853686760326787,0.055476331318055315
341,0.444728357808165,0.07917584273683516,0.47609579945499986
342,0.9657265927687733,0.00842035469565525,0.0258530525355715
343,0.9607714770858841,0.021845234968140694,0.017383287945975278
344,0.9201997443469728,0.0083247218022268,0.07147553385080037
345,0.9514678177134671,0.012934514196585653,0.0355976680899473
346,0.697656020352552,0.024327407165712044,0.278016572481736
347,0.7261990474303351,0.018057833890954493,0.25574311867871036
348,0.9566787283131348,0.02268108492073727,0.020640186766127982
349,0.7682484795809656,0.025139673603913715,0.20661184681512043
350,0.3746853754339004,0.14552565870748763,0.47978896585861197
351,0.7954776014871813,0.08161383652020265,0.12290856199261613
352,0.7874123237690244,0.17231563214130524,0.04027204408967043
353,0.0077501959057292595,0.0035227308574333665,0.9887270732368374
354,0.028363477822340725,0.06350496663661905,0.9081315555410402
355,0.9807244798606755,0.005748103433213788,0.013527416706110844
356,0.8546748130372896,0.031184295969172063,0.11414089099353818
357,0.9317216993320342,0.00940681749810556,0.0588714831698602
358,0.6261889380213149,0.2854586682179462,0.08835239376073889
359,0.9503629016958824,0.004551575997601398,0.04508552230651615
360,0.6130145017431299,0.2365046228711393,0.15048087538573088
361,0.002093061602425352,0.0012084576526747574,0.9966984807448999
362,0.900552524271863,0.026746509953454345,0.07270096577468274
363,0.9114763289401638,0.028441222546242657,0.06008244851359352
364,0.9602196057988938,0.008479725571948074,0.031300668629158
365,0.5326750440355855,0.08848313815259956,0.37884181781181486
366,0.8753740433587579,0.0778707187895365,0.0467552378517056
367,0.9759145746101593,0.0034173231039598623,0.020668102285880858
368,0.6288062169823192,0.3091347668794009,0.062059016138279736
369,0.6810778038374244,0.17357934693662694,0.14534284922594862
370,0.15663956194220674,0.07226446191471056,0.7710959761430826
371,0.2701218752798413,0.11742205534503265,0.6124560693751261
372,0.9660963936331775,0.006392567938545149,0.027511038428277436
373,0.80661904790624,0.011999946151562286,0.18138100594219783
374,0.9186651406356062,0.00374790588002966,0.0775869534843641
375,0.015073185131969202,0.028663184260387845,0.956263630607643
376,0.5920924240938374,0.0790429562274923,0.32886461967867037
377,0.9436182980235583,0.03904108108447358,0.017340620891968035
378,0.9231331206796161,0.006739852240181064,0.07012702708020288
379,0.9740856585707515,0.004423052778659811,0.02149128865058868
380,0.027685596587113087,0.0039131744321062745,0.9684012289807806
381,0.9759038374294676,0.008447277428349532,0.01564888514218287
382,0.5069510314187188,0.018776035373276774,0.47427293320800457
383,0.9728280365207219,0.00781927400809275,0.019352689471185267
384,0.20422321927051743,0.17814534174447128,0.6176314389850113
385,0.13046605756098037,0.06919735678061949,0.8003365856584
386,0.2642326901855114,0.09306968888269117,0.6426976209317975
387,0.8520153180603725,0.037900169362782316,0.11008451257684526
388,0.8902275475733463,0.0035168386262114408,0.10625561380044234
389,0.9597127834681077,0.005808302129026187,0.03447891440286618
390,0.9747783073527846,0.01114247521852728,0.014079217428688125
391,0.6748141941637432,0.13991245390890472,0.18527335192735211
392,0.8620299239455577,0.017972392634350475,0.11999768342009184
393,0.9447229968042449,0.04044514383909037,0.014831859356664763
394,0.9353666914603725,0.013867759481710474,0.050765549057917074
395,0.8354182791191735,0.08977163527998724,0.07481008560083934
396,0.7968427531266289,0.03113674120737092,0.1720205056660001
397,0.08161588454511898,0.04830245206613116,0.8700816633887498
398,0.9523954229307219,0.007265474813397203,0.04033910225588088
399,0.00356494942671495,0.01440722169425497,0.9820278288790301
400,0.9135715216054278,0.00964728125621551,0.07678119713835671
401,0.8355933855385118,0.018916341572046573,0.14549027288944155
402,0.009884174749662232,0.006085053871329997,0.9840307713790077
403,0.854211687802937,0.012122267316764603,0.13366604488029848
404,0.08883974874209473,0.09047506855902486,0.8206851826988804
405,0.8757467550393792,0.025539116373182284,0.09871412858743855
406,0.9727090535258969,0.005900570217449468,0.021390376256653673
407,0.965757873249959,0.005380951012250017,0.028861175737791015
408,0.9566965124976922,0.010162370073556394,0.033141117428751456
409,0.9794197740722572,0.00549369276248005,0.015086533165262777
410,0.6748393801061171,0.23271899148711953,0.0924416284067634
411,0.9333586673580386,0.02091003235241156,0.04573130028954977
412,0.6936187010124067,0.1822331730572804,0.12414812593031282
413,0.513791461393371,0.1582716580653401,0.3279368805412889
414,0.021383629045457847,0.10537233411957116,0.873244036834971
415,0.9436396882753573,0.013826514776885217,0.04253379694775737
416,0.8275561062018294,0.03615914492345856,0.13628474887471204
417,0.2019430738033613,0.21349929852214664,0.584557627674492
418,0.002068898627467512,0.001764312044104399,0.9961667893284281
419,0.037303920004259104,0.023967100055681086,0.9387289799400599
420,0.9656825182699654,0.024538358455116146,0.009779123274918363
421,0.938134286643813,0.036147268428819504,0.02571844492736745
422,0.9480041864146502,0.026673263759127496,0.025322549826222233
423,0.03483716304419902,0.001345461072983049,0.9638173758828178
424,0.9760252372460425,0.00644902218219789,0.017525740571759416
425,0.10613045643581732,0.2058672787192665,0.6880022648449162
426,0.9484830211115741,0.013106426417412626,0.038410552471013354
427,0.1249075084236546,0.48686076938596284,0.3882317221903825
428,0.9412862543944441,0.0035324039925457734,0.0551813416130101
429,0.8774539588956646,0.01656091681352495,0.1059851242908106
430,0.9490369707428526,0.010467392457883466,0.040495636799263886
431,0.17800278593784538,0.04046053048374926,0.7815366835784053
432,0.26691191321256613,0.06688569215192246,0.6662023946355113
433,0.9728391447019846,0.013262320946341714,0.013898534351673588
434,0.11321498370466464,0.03287888931943055,0.8539061269759047
435,0.9644401694078575,0.009822701198946205,0.02573712939319629
436,0.9219500772316934,0.03662818788752811,0.0414217348807785
437,0.9468194274865689,0.03991440732296341,0.013266165190467718
438,0.8423145431085011,0.01558648877353553,0.1420989681179634
439,0.0536397803484253,0.08154795166022769,0.864812267991347
440,0.9760913532976525,0.006142091150803843,0.01776655555154364
441,0.7468526415381838,0.0029981808559565743,0.2501491776058596
442,0.3853890351742774,0.2117931664783694,0.4028177983473532
443,0.09998592047197763,0.19867774616649786,0.7013363333615246
444,0.9597561501880848,0.011065424000521304,0.029178425811393984
445,0.6777203285818175,0.017359400740291252,0.30492027067789124
446,0.6571095298812036,0.01730631663895062,0.3255841534798457
447,0.8681990520076095,0.010894812926861,0.12090613506552948
448,0.06154967201172507,0.004684109858409487,0.9337662181298654
449,0.02481899748876595,0.0502888675450955,0.9248921349661385
450,0.9740590789230286,0.008542825252509035,0.01739809582446245
451,0.6562304231450122,0.04167761170937317,0.3020919651456146
452,0.03915198665824861,0.03140359746590335,0.9294444158758481
453,0.008677145453701181,0.08095094813714285,0.9103719064091559
454,0.9798456167099604,0.005469958509361181,0.014684424780678423
455,0.9386132482068965,0.012310364879765999,0.04907638691333759
456,0.3228451771658816,0.024085557130684356,0.653069265703434
457,0.7900185932482643,0.03399539169508695,0.1759860150566487
458,0.3968623421571533,0.02013355397263661,0.5830041038702101
459,0.8841976023386257,0.08180344450585278,0.03399895315552154
460,0.7812442919662849,0.017549031096649164,0.2012066769370659
461,0.29604327994140617,0.04001048608564934,0.6639462339729446
462,0.6717837183386263,0.0713333875019745,0.25688289415939913
463,0.8293789871502781,0.06777041542139735,0.10285059742832461
464,0.7174590213308194,0.03485223519134263,0.2476887434778379
465,0.9156173851635055,0.011121306284460099,0.07326130855203444
466,0.6836142688564627,0.055152866235420886,0.2612328649081164
467,0.005834721702497425,0.002065200095216159,0.9921000782022864
468,0.029467981906895396,0.06158917152494504,0.9089428465681596
469,0.09350575561396114,0.058198325961006256,0.8482959184250325
470,0.971874247989392,0.010824140479679228,0.017301611530928837
471,0.13639906610410166,0.024164216193726037,0.8394367177021723
472,0.6958793284726715,0.17163646156732332,0.13248420996000518
473,0.8609823413920342,0.10110935288951314,0.03790830571845269
474,0.9580037149188305,0.015393593727806212,0.026602691353363215
475,0.6395331060844747,0.015456943960514433,0.34500994995501083
476,0.9703182824306585,0.009989763339302711,0.019691954230038763
477,0.7670965735779028,0.008168313979447664,0.22473511244264946
478,0.9783043745324553,0.006707938088587242,0.014987687378957377
479,0.9714552319996259,0.007546453525663936,0.020998314474710147
480,0.042608760502745584,0.3908641939952933,0.5665270455019611
481,0.42153252981596984,0.13964789676386002,0.43881957342017014
482,0.9815410272259997,0.005247679625172883,0.01321129314882747
483,0.37676928067064097,0.029918964122171487,0.5933117552071874
484,0.6486928198418798,0.08857768931362565,0.26272949084449465
485,0.06838110339491192,0.10839885490994629,0.8232200416951418
486,0.6258585522308147,0.029861579694208374,0.34427986807497674
487,0.8691079833697417,0.06256597645593356,0.06832604017432457
488,0.9009794751394942,0.03002402189841576,0.0689965029620901
489,0.7359271619606651,0.09129581394189418,0.17277702409744056
490,0.13992458815299746,0.07927751386120278,0.7807978979857997
491,0.8458028745099772,0.0771737788382513,0.07702334665177155
492,0.9744967230985898,0.008392469666851029,0.01711080723455913
493,0.9686725526332656,0.012137534661273354,0.019189912705461148
494,0.9479664787394239,0.024494344209979882,0.0275391770505963
495,0.02626664231537807,0.047238387902127546,0.9264949697824943
496,0.14990637901112075,0.6722839604244721,0.17780966056440714
497,0.0694533774353006,0.4405144766245451,0.4900321459401544
498,0.050602378428149394,0.1324440065587076,0.8169536150131429
499,0.8773056451908801,0.006417342297845033,0.11627701251127485
500,0.08514631377674386,0.05551551041354039,0.8593381758097157
501,0.9162605224154459,0.015473980150239295,0.06826549743431487
502,0.9427757500569862,0.006810671886650942,0.050413578056362755
503,0.9333738818068172,0.0033168136420340154,0.06330930455114872
504,0.020663480817261482,0.004406140770129981,0.9749303784126084
505,0.24256435087711056,0.5835060799862832,0.17392956913660623
506,0.8517927995594786,0.05710380091622429,0.09110339952429705
507,0.0457373091211001,0.04768138192916834,0.9065813089497315
508,0.009445443452075089,0.009477691912622365,0.9810768646353026
509,0.965107731435639,0.007123281659046105,0.02776898690531489
510,0.9302510730100888,0.025089390211652685,0.04465953677825862
511,0.9315865338392925,0.012308799492195379,0.056104666668512194
512,0.29793694063667026,0.03266219419713097,0.6694008651661987
513,0.9182647769499469,0.01807545356806448,0.06365976948198858
514,0.03187209233498293,0.07655036008852804,0.8915775475764891
515,0.6993907243922295,0.024251573051611405,0.2763577025561591
516,0.05270594224510268,0.1999413862166532,0.747352671538244
517,0.9416935703178464,0.025913493739935314,0.03239293594221836
518,0.7929644888987321,0.061117609696497446,0.1459179014047705
519,0.6379331588902799,0.20458882290997205,0.15747801819974797
520,0.8550940243673884,0.05405544524802484,0.09085053038458688
521,0.057402488629022565,0.17744817070530503,0.7651493406656724
522,0.4346953012580326,0.24843243320256067,0.31687226553940684
523,0.9767423029794629,0.004315039622141382,0.018942657398395738
524,0.9746750882591524,0.007466247859581775,0.01785866388126589
525,0.75863993653828,0.177756850855623,0.063603212606097
526,0.051042957965995304,0.023458249709273425,0.9254987923247312
527,0.4788378562602642,0.19811992666911243,0.32304221707062336
528,0.8494433473833422,0.056574710695285205,0.09398194192137253
529,0.03542126717604086,0.04680876535100891,0.9177699674729501
530,0.9088219389969681,0.008099795835490224,0.08307826516754169
531,0.7767664061998522,0.11092389318974384,0.11230970061040402
532,0.012572077300137804,0.02844662310236045,0.9589812995975018
533,0.9540999863641029,0.01904350503133153,0.026856508604565607
534,0.5697837135822367,0.18807549879602628,0.24214078762173705
535,0.7275377600424078,0.17631696512378695,0.09614527483380521
536,0.40566076453422917,0.03251853742534201,0.5618206980404288
537,0.851473857430038,0.07725252194466244,0.07127362062529968
538,0.9191909418423888,0.016199125916361752,0.06460993224124936
539,0.6789524251501032,0.2335533893698654,0.08749418548003146
540,0.9667996511358092,0.021591560591956868,0.011608788272233914
541,0.8156027681698894,0.01708059063454923,0.16731664119556142
542,0.02827872607876181,0.2868792510986798,0.6848420228225583
543,0.9650492934745687,0.0032492941419604237,0.03170141238347091
544,0.4848068609575287,0.34890686991732733,0.16628626912514394
545,0.5168769643433545,0.10859794973531336,0.37452508592133216
546,0.9197538743177621,0.013814511033006719,0.06643161464923121
547,0.9781005441027312,0.004459979083332266,0.017439476813936726
548,0.7660275129637643,0.040470440789951594,0.19350204624628417
549,0.3660526729183031,0.13801410393071764,0.49593322315097926
550,0.14627391958239547,0.061548400194251285,0.7921776802233533
551,0.6513822009583508,0.018509560321031224,0.33010823872061806
552,0.9566431780644303,0.004945281604986245,0.03841154033058328
553,0.5023954519781914,0.31921010775620035,0.17839444026560827
554,0.9614927057247314,0.013050877013009575,0.025456417262258932
555,0.9335862674872696,0.011858354950569245,0.054555377562161105
556,0.05265596082317511,0.14168581032232516,0.8056582288544997
557,0.945106944616714,0.03643671937820548,0.018456336005080547
558,0.3132572553418119,0.018719585031409698,0.6680231596267783
559,0.8944612812342646,0.07081444528262447,0.03472427348311092
560,0.22806903440169107,0.03002392661644962,0.7419070389818593
561,0.9190972368028528,0.025837663502297194,0.055065099694849975
562,0.9459805716556651,0.029019393280509974,0.02500003506382503
563,0.17685178195715243,0.06881445773459374,0.7543337603082538
564,0.05072066762456657,0.19287406165844984,0.7564052707169835
565,0.8198034039559899,0.022277172256073577,0.15791942378793652
566,0.9571044530324823,0.009431514626494705,0.033464032341022965
567,0.8983279937364846,0.055765303744962205,0.045906702518553145
568,0.9356949804353406,0.04916714897843605,0.01513787058622333
569,0.6796323772043091,0.07896187361691927,0.24140574917877164
570,0.12694084570173741,0.12654308151875282,0.7465160727795098
571,0.9665091585761361,0.010683843786845677,0.022806997637018305
572,0.40351046221106934,0.35215569511169087,0.24433384267723982
573,0.904584107046451,0.026626627038145625,0.06878926591540344
574,0.9318993820916812,0.006697773791280072,0.0614028441170387
575,0.9466564130246319,0.011749795139412742,0.04159379183595534
576,0.9739220780441097,0.014399961913587807,0.011677960042302473
577,0.28083825328676554,0.07951769320587077,0.6396440535073636
578,0.08071097724885279,0.05032893299490075,0.8689600897562465
579,0.8388742898097886,0.02415232911671151,0.13697338107349977
580,0.9615058898529886,0.020308227364975815,0.0181858827820356
581,0.01585861653949903,0.007502745687645662,0.9766386377728553
582,0.7157352422349321,0.044063986757793,0.24020077100727488
583,0.9579406664130461,0.009751229356305718,0.03230810423064816
584,0.7774782423720791,0.0387858618246558,0.1837358958032652
585,0.044984809060697455,0.04501806608786579,0.9099971248514368
586,0.0620842172926945,0.017248488775013084,0.9206672939322923
587,0.8097275572903849,0.09878604385109674,0.09148639885851831
588,0.8713163616457206,0.002593334625370549,0.12609030372890895
589,0.8017639760316481,0.030803438539257762,0.16743258542909426
590,0.8246485597978545,0.059052801885024576,0.11629863831712092
591,0.9668609254150594,0.0137447359887945,0.01939433859614607
592,0.9756546324352574,0.004157511594374844,0.02018785597036763
593,0.020284052064559858,0.007236911554862064,0.9724790363805781
594,0.9494537771513425,0.005534842506634181,0.045011380342023295
595,0.7073289327609703,0.1582129336851749,0.13445813355385475
596,0.7017484364017251,0.0170929731344762,0.28115859046379865
597,0.034765400886794674,0.0028383767882346725,0.9623962223249706
598,0.7946152053719733,0.09697668108055182,0.10840811354747486
599,0.021664221505031857,0.02307976117698405,0.955256017317984
600,0.9560014797508899,0.01521471381261861,0.028783806436491387
601,0.9790149295759786,0.006943089134096912,0.01404198128992443
602,0.753056361570343,0.007191134118353789,0.2397525043113032
603,0.8915825009753503,0.012686554918214868,0.09573094410643476
604,0.9515707682542461,0.012377125973582299,0.03605210577217162
605,0.7927275909481926,0.06825750998706556,0.1390148990647418
606,0.8023790580376258,0.05778390433484796,0.1398370376275262
607,0.025006232225942206,0.0042924539850147676,0.970701313789043
608,0.5012923616626075,0.119960900728837,0.37874673760855543
609,0.053992008646075125,0.0802796436597622,0.8657283476941626
610,0.8239264793190869,0.020692136614656256,0.15538138406625682
611,0.01397642136967708,0.015233988714452274,0.9707895899158707
612,0.597101671657292,0.06722765518645722,0.3356706731562507
613,0.3784887214198753,0.30095601085602103,0.3205552677241037
614,0.23791822437711538,0.06634749587550577,0.6957342797473789
615,0.9519222359400079,0.031542697694201274,0.016535066365790805
616,0.9687477819865467,0.002174559393520665,0.02907765861993267
617,0.607800343126029,0.27847111996689256,0.11372853690707851
618,0.03938627668601675,0.018549587587511872,0.9420641357264713
619,0.7410998392095949,0.2076155169756305,0.051284643814774676
620,0.6258988029028062,0.042148551550201904,0.331952645546992
621,0.97618145625962,0.005929508154449955,0.017889035585929917
622,0.1867404562654159,0.5919815432568843,0.22127800047769974
623,0.7544009388608229,0.009641899286051204,0.2359571618531258
624,0.9571680409004794,0.0056606765697861106,0.03717128252973446
625,0.9737122424732649,0.004649037539151746,0.021638719987583283
626,0.935399601863996,0.01657720019278179,0.04802319794322223
627,0.8630680171875762,0.04352744584826573,0.09340453696415821
628,0.9389738386101621,0.011227980354379887,0.04979818103545808
629,0.8206774733464434,0.13499619134096738,0.04432633531258917
630,0.9671435583395226,0.00515246165608209,0.02770398000439537
631,0.7872501209458619,0.03432162324652119,0.1784282558076169
